18.5899074765184,18.5899074765184
18.5899074765184,18.5899074765184
1.7075472925031877e-06,1.7075472925031877e-06
1.7075472925031877e-06,1.7075472925031877e-06
18.5899074765184,18.5899074765184
24.81767107255222,24.81767107255222
13.414566739234399,13.414566739234399
28.135153961755787,28.135153961755787
31.18750087732816,31.18750087732816
18.5899074765184,18.5899074765184
11.516825968971279,11.516825968971279
11.516825968971279,11.516825968971279
24.91695477999864,24.91695477999864
24.681031989200577,24.681031989200577
24.681031989200577,24.681031989200577
24.730782815109176,24.730782815109176
1.7075472925031877e-06,1.7075472925031877e-06
7.359562595369335,7.359562595369335
24.681031989200577,24.681031989200577
0.0,0.0
1.2074182697257333e-06,1.2074182697257333e-06
nan,nan
2.4148365394514667e-06,2.4148365394514667e-06
0.0,0.0
1.7075472925031877e-06,1.7075472925031877e-06
0.0,0.0
0.0,0.0
nan,nan
0.0,0.0
1.7075472925031877e-06,1.7075472925031877e-06
0.0,0.0
nan,nan
1.7075472925031877e-06,1.7075472925031877e-06
nan,nan
nan,nan
0.0,0.0
0.0,0.0
1.2074182697257333e-06,1.2074182697257333e-06
0.0,0.0
0.0,0.0
0.0,0.0
0.0,0.0
nan,nan
1.7075472925031877e-06,1.7075472925031877e-06
nan,nan
0.0,0.0
nan,nan
1.7075472925031877e-06,1.7075472925031877e-06
0.0,0.0
0.0,0.0
0.0,0.0
0.0,0.0
0.0,0.0
nan,nan
1.7075472925031877e-06,1.7075472925031877e-06
1.7075472925031877e-06,1.7075472925031877e-06
nan,nan
0.0,0.0
nan,nan
1.2074182697257333e-06,1.2074182697257333e-06
nan,nan
nan,nan
0.0,0.0
0.0,0.0
0.0,0.0
1.2074182697257333e-06,1.2074182697257333e-06
0.0,0.0
nan,nan
1.7075472925031877e-06,1.7075472925031877e-06
1.7075472925031877e-06,1.7075472925031877e-06
1.2074182697257333e-06,1.2074182697257333e-06
nan,nan
0.0,0.0
0.0,0.0
nan,nan
nan,nan
nan,nan
nan,nan
1.7075472925031877e-06,1.7075472925031877e-06
0.0,0.0
nan,nan
nan,nan
0.0,0.0
0.0,0.0
0.0,0.0
1.7075472925031877e-06,1.7075472925031877e-06
nan,nan
0.0,0.0
1.7075472925031877e-06,1.7075472925031877e-06
nan,nan
1.2074182697257333e-06,1.2074182697257333e-06
nan,nan
0.0,0.0
nan,nan
1.7075472925031877e-06,1.7075472925031877e-06
nan,nan
0.0,0.0
1.2074182697257333e-06,1.2074182697257333e-06
2.699869328381916e-06,2.699869328381916e-06
nan,nan
1.7075472925031877e-06,1.7075472925031877e-06
nan,nan
1.7075472925031877e-06,1.7075472925031877e-06
nan,nan
1.7075472925031877e-06,1.7075472925031877e-06
nan,nan
nan,nan
0.0,0.0
1.2074182697257333e-06,1.2074182697257333e-06
nan,nan
0.0,0.0
1.7075472925031877e-06,1.7075472925031877e-06
0.0,0.0
0.0,0.0
1.2074182697257333e-06,1.2074182697257333e-06
nan,nan
nan,nan
1.7075472925031877e-06,1.7075472925031877e-06
0.0,0.0
1.2074182697257333e-06,1.2074182697257333e-06
0.0,0.0
nan,nan
nan,nan
0.0,0.0
0.0,0.0
1.2074182697257333e-06,1.2074182697257333e-06
nan,nan
0.0,0.0
1.7075472925031877e-06,1.7075472925031877e-06
0.0,0.0
1.7075472925031877e-06,1.7075472925031877e-06
1.2074182697257333e-06,1.2074182697257333e-06
0.0,0.0
0.0,0.0
2.091309789151873e-06,2.091309789151873e-06
1.7075472925031877e-06,1.7075472925031877e-06
0.0,0.0
0.0,0.0
0.0,0.0
nan,nan
nan,nan
nan,nan
1.2074182697257333e-06,1.2074182697257333e-06
nan,nan
nan,nan
nan,nan
nan,nan
0.0,0.0
0.0,0.0
1.2074182697257333e-06,1.2074182697257333e-06
0.0,0.0
1.2074182697257333e-06,1.2074182697257333e-06
0.0,0.0
1.7075472925031877e-06,1.7075472925031877e-06
1.2074182697257333e-06,1.2074182697257333e-06
1.2074182697257333e-06,1.2074182697257333e-06
1.2074182697257333e-06,1.2074182697257333e-06
1.2074182697257333e-06,1.2074182697257333e-06
1.2074182697257333e-06,1.2074182697257333e-06
0.0,0.0
nan,nan
1.7075472925031877e-06,1.7075472925031877e-06
0.0,0.0
nan,nan
1.2074182697257333e-06,1.2074182697257333e-06
1.7075472925031877e-06,1.7075472925031877e-06
1.7075472925031877e-06,1.7075472925031877e-06
0.0,0.0
1.7075472925031877e-06,1.7075472925031877e-06
2.091309789151873e-06,2.091309789151873e-06
nan,nan
nan,nan
0.0,0.0
0.0,0.0
1.2074182697257333e-06,1.2074182697257333e-06
0.0,0.0
2.091309789151873e-06,2.091309789151873e-06
0.0,0.0
0.0,0.0
1.7075472925031877e-06,1.7075472925031877e-06
nan,nan
1.7075472925031877e-06,1.7075472925031877e-06
0.0,0.0
1.2074182697257333e-06,1.2074182697257333e-06
0.0,0.0
0.0,0.0
0.0,0.0
1.7075472925031877e-06,1.7075472925031877e-06
1.7075472925031877e-06,1.7075472925031877e-06
1.2074182697257333e-06,1.2074182697257333e-06
0.0,0.0
0.0,0.0
nan,nan
nan,nan
nan,nan
1.2074182697257333e-06,1.2074182697257333e-06
0.0,0.0
0.0,0.0
1.2074182697257333e-06,1.2074182697257333e-06
1.2074182697257333e-06,1.2074182697257333e-06
1.7075472925031877e-06,1.7075472925031877e-06
nan,nan
nan,nan
nan,nan
0.0,0.0
0.0,0.0
nan,nan
1.7075472925031877e-06,1.7075472925031877e-06
1.7075472925031877e-06,1.7075472925031877e-06
2.091309789151873e-06,2.091309789151873e-06
nan,nan
nan,nan
0.0,0.0
0.0,0.0
nan,nan
1.7075472925031877e-06,1.7075472925031877e-06
nan,nan
0.0,0.0
nan,nan
1.2074182697257333e-06,1.2074182697257333e-06
nan,nan
1.2074182697257333e-06,1.2074182697257333e-06
0.0,0.0
2.091309789151873e-06,2.091309789151873e-06
1.7075472925031877e-06,1.7075472925031877e-06
0.0,0.0
0.0,0.0
nan,nan
1.7075472925031877e-06,1.7075472925031877e-06
nan,nan
1.2074182697257333e-06,1.2074182697257333e-06
nan,nan
1.2074182697257333e-06,1.2074182697257333e-06
0.0,0.0
1.7075472925031877e-06,1.7075472925031877e-06
0.0,0.0
nan,nan
1.7075472925031877e-06,1.7075472925031877e-06
1.2074182697257333e-06,1.2074182697257333e-06
1.7075472925031877e-06,1.7075472925031877e-06
0.0,0.0
0.0,0.0
0.0,0.0
nan,nan
1.2074182697257333e-06,1.2074182697257333e-06
nan,nan
1.2074182697257333e-06,1.2074182697257333e-06
nan,nan
0.0,0.0
1.2074182697257333e-06,1.2074182697257333e-06
nan,nan
2.091309789151873e-06,2.091309789151873e-06
0.0,0.0
0.0,0.0
1.7075472925031877e-06,1.7075472925031877e-06
0.0,0.0
1.2074182697257333e-06,1.2074182697257333e-06
2.4148365394514667e-06,2.4148365394514667e-06
1.2074182697257333e-06,1.2074182697257333e-06
nan,nan
1.7075472925031877e-06,1.7075472925031877e-06
1.2074182697257333e-06,1.2074182697257333e-06
nan,nan
nan,nan
0.0,0.0
0.0,0.0
nan,nan
0.0,0.0
0.0,0.0
1.2074182697257333e-06,1.2074182697257333e-06
nan,nan
nan,nan
nan,nan
1.2074182697257333e-06,1.2074182697257333e-06
0.0,0.0
1.7075472925031877e-06,1.7075472925031877e-06
0.0,0.0
1.7075472925031877e-06,1.7075472925031877e-06
nan,nan
0.0,0.0
1.7075472925031877e-06,1.7075472925031877e-06
0.0,0.0
0.0,0.0
1.7075472925031877e-06,1.7075472925031877e-06
nan,nan
0.0,0.0
2.091309789151873e-06,2.091309789151873e-06
2.699869328381916e-06,2.699869328381916e-06
0.0,0.0
1.2074182697257333e-06,1.2074182697257333e-06
nan,nan
1.7075472925031877e-06,1.7075472925031877e-06
nan,nan
0.0,0.0
nan,nan
0.0,0.0
nan,nan
1.2074182697257333e-06,1.2074182697257333e-06
0.0,0.0
1.2074182697257333e-06,1.2074182697257333e-06
nan,nan
1.7075472925031877e-06,1.7075472925031877e-06
1.7075472925031877e-06,1.7075472925031877e-06
nan,nan
nan,nan
1.7075472925031877e-06,1.7075472925031877e-06
1.7075472925031877e-06,1.7075472925031877e-06
nan,nan
0.0,0.0
1.7075472925031877e-06,1.7075472925031877e-06
1.2074182697257333e-06,1.2074182697257333e-06
1.7075472925031877e-06,1.7075472925031877e-06
nan,nan
nan,nan
nan,nan
nan,nan
nan,nan
nan,nan
1.7075472925031877e-06,1.7075472925031877e-06
0.0,0.0
0.0,0.0
0.0,0.0
1.7075472925031877e-06,1.7075472925031877e-06
1.2074182697257333e-06,1.2074182697257333e-06
nan,nan
1.7075472925031877e-06,1.7075472925031877e-06
1.7075472925031877e-06,1.7075472925031877e-06
nan,nan
nan,nan
0.0,0.0
0.0,0.0
1.2074182697257333e-06,1.2074182697257333e-06
1.2074182697257333e-06,1.2074182697257333e-06
1.2074182697257333e-06,1.2074182697257333e-06
0.0,0.0
1.2074182697257333e-06,1.2074182697257333e-06
nan,nan
1.7075472925031877e-06,1.7075472925031877e-06
nan,nan
nan,nan
2.4148365394514667e-06,2.4148365394514667e-06
2.091309789151873e-06,2.091309789151873e-06
0.0,0.0
nan,nan
1.7075472925031877e-06,1.7075472925031877e-06
0.0,0.0
1.2074182697257333e-06,1.2074182697257333e-06
nan,nan
0.0,0.0
1.2074182697257333e-06,1.2074182697257333e-06
nan,nan
nan,nan
2.091309789151873e-06,2.091309789151873e-06
1.7075472925031877e-06,1.7075472925031877e-06
0.0,0.0
0.0,0.0
1.2074182697257333e-06,1.2074182697257333e-06
nan,nan
1.2074182697257333e-06,1.2074182697257333e-06
1.2074182697257333e-06,1.2074182697257333e-06
1.7075472925031877e-06,1.7075472925031877e-06
1.2074182697257333e-06,1.2074182697257333e-06
1.2074182697257333e-06,1.2074182697257333e-06
nan,nan
0.0,0.0
1.2074182697257333e-06,1.2074182697257333e-06
1.7075472925031877e-06,1.7075472925031877e-06
nan,nan
1.7075472925031877e-06,1.7075472925031877e-06
nan,nan
0.0,0.0
0.0,0.0
nan,nan
0.0,0.0
nan,nan
1.7075472925031877e-06,1.7075472925031877e-06
2.091309789151873e-06,2.091309789151873e-06
0.0,0.0
nan,nan
0.0,0.0
0.0,0.0
nan,nan
1.2074182697257333e-06,1.2074182697257333e-06
1.2074182697257333e-06,1.2074182697257333e-06
nan,nan
2.4148365394514667e-06,2.4148365394514667e-06
nan,nan
1.7075472925031877e-06,1.7075472925031877e-06
nan,nan
nan,nan
nan,nan
1.2074182697257333e-06,1.2074182697257333e-06
0.0,0.0
1.2074182697257333e-06,1.2074182697257333e-06
nan,nan
0.0,0.0
nan,nan
0.0,0.0
nan,nan
nan,nan
1.2074182697257333e-06,1.2074182697257333e-06
0.0,0.0
0.0,0.0
0.0,0.0
1.7075472925031877e-06,1.7075472925031877e-06
0.0,0.0
nan,nan
1.7075472925031877e-06,1.7075472925031877e-06
0.0,0.0
nan,nan
nan,nan
nan,nan
1.2074182697257333e-06,1.2074182697257333e-06
2.091309789151873e-06,2.091309789151873e-06
1.7075472925031877e-06,1.7075472925031877e-06
nan,nan
0.0,0.0
1.2074182697257333e-06,1.2074182697257333e-06
2.4148365394514667e-06,2.4148365394514667e-06
0.0,0.0
0.0,0.0
1.7075472925031877e-06,1.7075472925031877e-06
1.2074182697257333e-06,1.2074182697257333e-06
nan,nan
1.2074182697257333e-06,1.2074182697257333e-06
1.2074182697257333e-06,1.2074182697257333e-06
2.4148365394514667e-06,2.4148365394514667e-06
nan,nan
1.2074182697257333e-06,1.2074182697257333e-06
2.091309789151873e-06,2.091309789151873e-06
nan,nan
nan,nan
0.0,0.0
0.0,0.0
1.2074182697257333e-06,1.2074182697257333e-06
0.0,0.0
nan,nan
0.0,0.0
nan,nan
1.7075472925031877e-06,1.7075472925031877e-06
1.2074182697257333e-06,1.2074182697257333e-06
nan,nan
nan,nan
0.0,0.0
1.7075472925031877e-06,1.7075472925031877e-06
1.7075472925031877e-06,1.7075472925031877e-06
nan,nan
1.2074182697257333e-06,1.2074182697257333e-06
0.0,0.0
0.0,0.0
2.091309789151873e-06,2.091309789151873e-06
0.0,0.0
nan,nan
0.0,0.0
1.7075472925031877e-06,1.7075472925031877e-06
1.7075472925031877e-06,1.7075472925031877e-06
nan,nan
0.0,0.0
1.7075472925031877e-06,1.7075472925031877e-06
0.0,0.0
nan,nan
nan,nan
1.2074182697257333e-06,1.2074182697257333e-06
0.0,0.0
nan,nan
1.7075472925031877e-06,1.7075472925031877e-06
0.0,0.0
2.091309789151873e-06,2.091309789151873e-06
nan,nan
1.2074182697257333e-06,1.2074182697257333e-06
nan,nan
nan,nan
nan,nan
0.0,0.0
2.4148365394514667e-06,2.4148365394514667e-06
0.0,0.0
nan,nan
1.2074182697257333e-06,1.2074182697257333e-06
0.0,0.0
1.2074182697257333e-06,1.2074182697257333e-06
0.0,0.0
0.0,0.0
1.2074182697257333e-06,1.2074182697257333e-06
1.7075472925031877e-06,1.7075472925031877e-06
1.2074182697257333e-06,1.2074182697257333e-06
0.0,0.0
nan,nan
nan,nan
2.091309789151873e-06,2.091309789151873e-06
1.7075472925031877e-06,1.7075472925031877e-06
1.7075472925031877e-06,1.7075472925031877e-06
0.0,0.0
0.0,0.0
1.7075472925031877e-06,1.7075472925031877e-06
nan,nan
0.0,0.0
1.2074182697257333e-06,1.2074182697257333e-06
0.0,0.0
1.7075472925031877e-06,1.7075472925031877e-06
1.2074182697257333e-06,1.2074182697257333e-06
1.2074182697257333e-06,1.2074182697257333e-06
1.2074182697257333e-06,1.2074182697257333e-06
1.7075472925031877e-06,1.7075472925031877e-06
0.0,0.0
nan,nan
0.0,0.0
1.7075472925031877e-06,1.7075472925031877e-06
1.7075472925031877e-06,1.7075472925031877e-06
0.0,0.0
0.0,0.0
2.091309789151873e-06,2.091309789151873e-06
0.0,0.0
0.0,0.0
2.091309789151873e-06,2.091309789151873e-06
nan,nan
1.7075472925031877e-06,1.7075472925031877e-06
0.0,0.0
0.0,0.0
nan,nan
nan,nan
nan,nan
1.7075472925031877e-06,1.7075472925031877e-06
nan,nan
0.0,0.0
nan,nan
2.4148365394514667e-06,2.4148365394514667e-06
0.0,0.0
nan,nan
nan,nan
0.0,0.0
1.7075472925031877e-06,1.7075472925031877e-06
1.7075472925031877e-06,1.7075472925031877e-06
0.0,0.0
nan,nan
nan,nan
0.0,0.0
0.0,0.0
0.0,0.0
nan,nan
0.0,0.0
nan,nan
0.0,0.0
2.091309789151873e-06,2.091309789151873e-06
nan,nan
nan,nan
0.0,0.0
nan,nan
0.0,0.0
0.0,0.0
1.7075472925031877e-06,1.7075472925031877e-06
0.0,0.0
0.0,0.0
nan,nan
nan,nan
nan,nan
0.0,0.0
0.0,0.0
1.2074182697257333e-06,1.2074182697257333e-06
nan,nan
1.2074182697257333e-06,1.2074182697257333e-06
0.0,0.0
0.0,0.0
1.2074182697257333e-06,1.2074182697257333e-06
1.2074182697257333e-06,1.2074182697257333e-06
1.7075472925031877e-06,1.7075472925031877e-06
0.0,0.0
1.2074182697257333e-06,1.2074182697257333e-06
nan,nan
nan,nan
1.2074182697257333e-06,1.2074182697257333e-06
1.7075472925031877e-06,1.7075472925031877e-06
nan,nan
0.0,0.0
1.7075472925031877e-06,1.7075472925031877e-06
1.2074182697257333e-06,1.2074182697257333e-06
1.2074182697257333e-06,1.2074182697257333e-06
nan,nan
nan,nan
1.2074182697257333e-06,1.2074182697257333e-06
nan,nan
0.0,0.0
0.0,0.0
1.7075472925031877e-06,1.7075472925031877e-06
1.7075472925031877e-06,1.7075472925031877e-06
1.2074182697257333e-06,1.2074182697257333e-06
1.7075472925031877e-06,1.7075472925031877e-06
1.2074182697257333e-06,1.2074182697257333e-06
2.4148365394514667e-06,2.4148365394514667e-06
nan,nan
0.0,0.0
0.0,0.0
0.0,0.0
1.2074182697257333e-06,1.2074182697257333e-06
1.2074182697257333e-06,1.2074182697257333e-06
0.0,0.0
1.7075472925031877e-06,1.7075472925031877e-06
1.2074182697257333e-06,1.2074182697257333e-06
1.2074182697257333e-06,1.2074182697257333e-06
1.2074182697257333e-06,1.2074182697257333e-06
nan,nan
nan,nan
0.0,0.0
nan,nan
0.0,0.0
1.7075472925031877e-06,1.7075472925031877e-06
0.0,0.0
1.7075472925031877e-06,1.7075472925031877e-06
1.2074182697257333e-06,1.2074182697257333e-06
1.2074182697257333e-06,1.2074182697257333e-06
0.0,0.0
nan,nan
0.0,0.0
2.091309789151873e-06,2.091309789151873e-06
nan,nan
nan,nan
nan,nan
0.0,0.0
1.7075472925031877e-06,1.7075472925031877e-06
0.0,0.0
