606004565,606004565
16565181,16565181
12946000,12946000
12906737,12906737
13140140,13140140
16146095,16146095
16846025,16846025
18126253,18126253
16707138,16707138
17375651,17375651
16390832,16390832
17087567,17087567
14997473,14997473
19610050,19610050
13916111,13916111
19441580,19441580
16484165,16484165
15188819,15188819
15465163,15465163
19723009,19723009
15164665,15164665
18542353,18542353
17235108,17235108
15616241,15616241
18065706,18065706
15606946,15606946
15234786,15234786
17173804,17173804
16714634,16714634
17126104,17126104
16472422,16472422
17813891,17813891
17463217,17463217
13731793,13731793
17917090,17917090
17953308,17953308
16438177,16438177
15298079,15298079
17168210,17168210
17859089,17859089
16263178,16263178
16370868,16370868
17130082,17130082
15645533,15645533
18128816,18128816
15254489,15254489
17527977,17527977
18019032,18019032
16186951,16186951
16824584,16824584
15658064,15658064
18299983,18299983
16557714,16557714
17612864,17612864
16386398,16386398
18047500,18047500
15562579,15562579
16224426,16224426
16234092,16234092
17934662,17934662
15664959,15664959
19085772,19085772
16536144,16536144
14797545,14797545
17334015,17334015
17978192,17978192
16468935,16468935
15704385,15704385
20011795,20011795
13761160,13761160
18065390,18065390
14758807,14758807
15755843,15755843
20073164,20073164
14940754,14940754
18604809,18604809
16334419,16334419
16455239,16455239
14708620,14708620
18150865,18150865
17882904,17882904
17364827,17364827
15353175,15353175
15726578,15726578
34449830,34449830
13648395,13648395
15288079,15288079
11285994,11285994
13543719,13543719
12949521,12949521
19261580,19261580
15573001,15573001
15943631,15943631
16112617,16112617
16364682,16364682
17288888,17288888
22447347,22447347
12095480,12095480
15305219,15305219
17297117,17297117
16191622,16191622
17302158,17302158
16627975,16627975
15035223,15035223
19184351,19184351
17219769,17219769
14755260,14755260
17977805,17977805
15406254,15406254
19257468,19257468
16052786,16052786
15126687,15126687
17979186,17979186
16525564,16525564
19097718,19097718
15054419,15054419
16818550,16818550
17428224,17428224
15641898,15641898
16806026,16806026
17203653,17203653
17066886,17066886
16013575,16013575
18661328,18661328
15030281,15030281
17972710,17972710
17554207,17554207
14922708,14922708
16683610,16683610
17475918,17475918
17740708,17740708
16696943,16696943
16841070,16841070
15961493,15961493
19088214,19088214
13839684,13839684
18326454,18326454
15371043,15371043
15673607,15673607
18583508,18583508
14532315,14532315
18446599,18446599
15548730,15548730
19783342,19783342
13863341,13863341
17845603,17845603
17733649,17733649
16891642,16891642
16737124,16737124
17639062,17639062
15516622,15516622
16603279,16603279
18181610,18181610
15497824,15497824
18192072,18192072
14982646,14982646
16550398,16550398
16616564,16616564
16897866,16897866
16261602,16261602
16528048,16528048
17419178,17419178
16910535,16910535
16808958,16808958
18213482,18213482
18293150,18293150
12366928,12366928
18639615,18639615
16829841,16829841
16839321,16839321
16676848,16676848
16876953,16876953
15920010,15920010
17270064,17270064
17591551,17591551
16702342,16702342
18495402,18495402
16844583,16844583
15161242,15161242
16211301,16211301
18288223,18288223
14932826,14932826
15720610,15720610
18729721,18729721
15815900,15815900
16716155,16716155
16786961,16786961
17491451,17491451
15846647,15846647
19396167,19396167
13558070,13558070
19854233,19854233
16623214,16623214
15435079,15435079
19935194,19935194
13994881,13994881
16856328,16856328
15856300,15856300
17607139,17607139
16957249,16957249
17051990,17051990
17094822,17094822
16087015,16087015
14705984,14705984
16077489,16077489
17571671,17571671
18117200,18117200
15783051,15783051
18135237,18135237
16798078,16798078
16918257,16918257
16979342,16979342
16537204,16537204
16449112,16449112
15083662,15083662
18856482,18856482
16049416,16049416
16090930,16090930
19207101,19207101
15520186,15520186
17618672,17618672
16886606,16886606
15314132,15314132
16791978,16791978
17313755,17313755
17000472,17000472
15013604,15013604
17782206,17782206
15341797,15341797
16382714,16382714
20637098,20637098
31707905,31707905
14829138,14829138
13883843,13883843
10573907,10573907
11390265,11390265
17208927,17208927
15113084,15113084
18910201,18910201
15683516,15683516
18753194,18753194
13741459,13741459
18312805,18312805
16810884,16810884
15124752,15124752
17720501,17720501
15626687,15626687
19051513,19051513
14648679,14648679
18242291,18242291
17587602,17587602
14431068,14431068
20660363,20660363
14931149,14931149
16136645,16136645
17630517,17630517
16036503,16036503
18539388,18539388
15710061,15710061
16408790,16408790
16764668,16764668
16402129,16402129
16847449,16847449
16826928,16826928
17014709,17014709
15479649,15479649
17194776,17194776
19483818,19483818
13453626,13453626
19848627,19848627
14879064,14879064
17492315,17492315
17042263,17042263
15035787,15035787
19590291,19590291
14167649,14167649
16382015,16382015
18118164,18118164
17699080,17699080
16730711,16730711
17643229,17643229
14657902,14657902
16942952,16942952
17550421,17550421
15713220,15713220
17567543,17567543
19617261,19617261
13418441,13418441
16893655,16893655
17717674,17717674
17370811,17370811
18430853,18430853
12655992,12655992
19364030,19364030
16721059,16721059
15494054,15494054
18197688,18197688
15325304,15325304
17857902,17857902
16492605,16492605
16613971,16613971
14609020,14609020
18066585,18066585
19065515,19065515
17078741,17078741
14542184,14542184
17257534,17257534
16757988,16757988
16023901,16023901
19313111,19313111
14388221,14388221
17632397,17632397
18212467,18212467
15430167,15430167
17152843,17152843
15250733,15250733
17615895,17615895
17757406,17757406
16294221,16294221
14177324,14177324
20176542,20176542
14763509,14763509
17118115,17118115
16796872,16796872
18305284,18305284
16376816,16376816
15945008,15945008
16264884,16264884
17053460,17053460
17394959,17394959
15053053,15053053
18220971,18220971
17534862,17534862
17315519,17315519
14774536,14774536
17928959,17928959
16965917,16965917
16089680,16089680
14984908,14984908
19116272,19116272
14176046,14176046
18815985,18815985
14824086,14824086
16414578,16414578
18999581,18999581
16534299,16534299
16822382,16822382
16809514,16809514
16607780,16607780
17168894,17168894
16084345,16084345
19275205,19275205
16205903,16205903
15158378,15158378
19128736,19128736
15010336,15010336
16999609,16999609
16321867,16321867
17527671,17527671
14942369,14942369
17561933,17561933
17088421,17088421
17351506,17351506
15891848,15891848
17240767,17240767
15370033,15370033
20029578,20029578
13689780,13689780
17549307,17549307
16584995,16584995
17666398,17666398
15953518,15953518
16349581,16349581
16982481,16982481
17811038,17811038
17171290,17171290
16197694,16197694
15117974,15117974
18858513,18858513
17201579,17201579
16077989,16077989
16555042,16555042
16558897,16558897
19717657,19717657
14027404,14027404
18169589,18169589
14692275,14692275
17878779,17878779
17326810,17326810
14733697,14733697
17385165,17385165
19449048,19449048
15009402,15009402
16897750,16897750
15787232,15787232
19061823,19061823
15991028,15991028
17087042,17087042
15740533,15740533
15346788,15346788
17386179,17386179
18717566,18717566
15914591,15914591
17506989,17506989
23806898,23806898
17588705,17588705
10840965,10840965
13960451,13960451
18719293,18719293
14627524,14627524
18716235,18716235
13491104,13491104
18138956,18138956
17275722,17275722
16575431,16575431
18442989,18442989
13771860,13771860
17739699,17739699
16762026,16762026
17847769,17847769
15867692,15867692
17118840,17118840
18548155,18548155
14565450,14565450
16317038,16317038
16247858,16247858
19029393,19029393
16661678,16661678
16006452,16006452
17640098,17640098
17240017,17240017
15526336,15526336
17972178,17972178
15484485,15484485
17298972,17298972
16506049,16506049
17294275,17294275
17832763,17832763
16409305,16409305
18120821,18120821
15703184,15703184
16668203,16668203
16163829,16163829
15532640,15532640
18322755,18322755
16614319,16614319
15791816,15791816
18033630,18033630
16119478,16119478
18199190,18199190
14959371,14959371
19286108,19286108
15466887,15466887
16592325,16592325
16476813,16476813
15030320,15030320
19837838,19837838
14681794,14681794
18172063,18172063
16222225,16222225
17347287,17347287
15854494,15854494
15164747,15164747
19564333,19564333
16096909,16096909
17613791,17613791
17117455,17117455
16745844,16745844
17122203,17122203
14549950,14549950
15792004,15792004
17987265,17987265
17635847,17635847
16215891,16215891
16946959,16946959
17653096,17653096
15901335,15901335
15784774,15784774
16481691,16481691
17983742,17983742
35028453,35028453
12504986,12504986
11319434,11319434
11391283,11391283
12792896,12792896
18566855,18566855
14341757,14341757
18835319,18835319
16062998,16062998
16839899,16839899
15864983,15864983
17994844,17994844
17195295,17195295
15921053,15921053
17518302,17518302
14978321,14978321
18791435,18791435
16756168,16756168
14733796,14733796
16789650,16789650
17152370,17152370
16889502,16889502
16650088,16650088
17235753,17235753
18126670,18126670
15500083,15500083
16933147,16933147
16451625,16451625
16778132,16778132
19133425,19133425
15530788,15530788
16285956,16285956
16294518,16294518
17500206,17500206
16743822,16743822
15231717,15231717
16992188,16992188
17787447,17787447
16700825,16700825
18633567,18633567
14236502,14236502
16853673,16853673
17881555,17881555
16008119,16008119
19074853,19074853
14591571,14591571
17273454,17273454
14425465,14425465
18841877,18841877
16463502,16463502
16700725,16700725
20451977,20451977
12954526,12954526
17588835,17588835
17688623,17688623
16467496,16467496
15980037,15980037
17291744,17291744
16808269,16808269
15062740,15062740
18550112,18550112
18188141,18188141
14728963,14728963
18356283,18356283
14934521,14934521
18766513,18766513
15306937,15306937
16660777,16660777
18028003,18028003
15411786,15411786
17483033,17483033
15326842,15326842
19192890,19192890
17020487,17020487
13920091,13920091
18624546,18624546
16624044,16624044
17087590,17087590
35126704,35126704
13749385,13749385
14633775,14633775
12430308,12430308
11435583,11435583
12342830,12342830
17570360,17570360
16608062,16608062
16419367,16419367
16340218,16340218
16183799,16183799
19461408,19461408
18801350,18801350
13220368,13220368
17927641,17927641
16495918,16495918
15652798,15652798
17561616,17561616
17944755,17944755
16531215,16531215
16954321,16954321
15099130,15099130
16893840,16893840
16257525,16257525
17295153,17295153
16678949,16678949
17460223,17460223
17477041,17477041
15692187,15692187
16925226,16925226
18106557,18106557
17124096,17124096
13829421,13829421
17505615,17505615
18173626,18173626
16918343,16918343
15473307,15473307
16926027,16926027
16832834,16832834
18645605,18645605
17774892,17774892
14929016,14929016
17015571,17015571
16583007,16583007
14171080,14171080
17907809,17907809
16091114,16091114
18733968,18733968
18383475,18383475
14322698,14322698
17536575,17536575
17179734,17179734
15097440,15097440
20833649,20833649
12710300,12710300
16174233,16174233
17305561,17305561
18273164,18273164
15325114,15325114
16876497,16876497
18839177,18839177
14961207,14961207
16975107,16975107
16004619,16004619
17648480,17648480
18217044,18217044
15077451,15077451
16850699,16850699
15608221,15608221
17756368,17756368
16645063,16645063
18270540,18270540
15032282,15032282
17331047,17331047
18102058,18102058
13263253,13263253
20891122,20891122
14330798,14330798
17894300,17894300
16437908,16437908
17203674,17203674
15752850,15752850
16360188,16360188
17866724,17866724
19075538,19075538
17151794,17151794
14496850,14496850
16610113,16610113
18404089,18404089
15132442,15132442
15617303,15617303
18266183,18266183
17358268,17358268
16779051,16779051
16732607,16732607
18780155,18780155
14798180,14798180
14728449,14728449
18150658,18150658
16376213,16376213
17906893,17906893
16054622,16054622
17274340,17274340
16291535,16291535
17039870,17039870
17940652,17940652
16766187,16766187
18357830,18357830
13387963,13387963
17867960,17867960
16648026,16648026
15980608,15980608
17298525,17298525
17162951,17162951
16782559,16782559
16118676,16118676
16136477,16136477
18224257,18224257
15539503,15539503
18064530,18064530
14614216,14614216
19758645,19758645
15320911,15320911
16281643,16281643
19648409,19648409
12661439,12661439
17794398,17794398
15947549,15947549
19710907,19710907
15791385,15791385
16241681,16241681
17113722,17113722
16707732,16707732
17208493,17208493
16874702,16874702
14426125,14426125
18002136,18002136
18043428,18043428
16441152,16441152
16763758,16763758
14995531,14995531
18069570,18069570
15512301,15512301
18927327,18927327
17763518,17763518
15558289,15558289
16853501,16853501
14681345,14681345
17785409,17785409
18069206,18069206
17138229,17138229
16876077,16876077
15342945,15342945
18414907,18414907
14751697,14751697
17825179,17825179
16807825,16807825
16563684,16563684
17054272,17054272
17535990,17535990
15874357,15874357
16781435,16781435
15628615,15628615
16595451,16595451
16364245,16364245
18560988,18560988
14462299,14462299
18412330,18412330
15231567,15231567
17201639,17201639
16472722,16472722
17537737,17537737
15509025,15509025
16925430,16925430
15534377,15534377
18836289,18836289
15934153,15934153
17795651,17795651
16781445,16781445
15718978,15718978
15658288,15658288
17544510,17544510
18633442,18633442
18397476,18397476
14464676,14464676
18237521,18237521
25687386,25687386
17644481,17644481
11114681,11114681
12623880,12623880
19137384,19137384
14302498,14302498
16647336,16647336
16994515,16994515
16891431,16891431
18024295,18024295
16174451,16174451
17667244,17667244
16382432,16382432
15852196,15852196
15057600,15057600
18734137,18734137
18640781,18640781
14161798,14161798
18727179,18727179
14784235,14784235
17697815,17697815
16487477,16487477
16805904,16805904
16445145,16445145
18462378,18462378
16958965,16958965
15905417,15905417
14928895,14928895
17982474,17982474
16296519,16296519
18091061,18091061
15320408,15320408
17045915,17045915
18099022,18099022
15878509,15878509
16579149,16579149
17265767,17265767
16783519,16783519
14363894,14363894
19713264,19713264
14750401,14750401
17501923,17501923
16842176,16842176
16094844,16094844
16526661,16526661
17568862,17568862
16732245,16732245
18668328,18668328
16228253,16228253
16246650,16246650
17308145,17308145
15318188,15318188
19461777,19461777
14389786,14389786
18361181,18361181
14278007,14278007
19034012,19034012
17292726,17292726
14632309,14632309
17750228,17750228
17502473,17502473
16671307,16671307
17589125,17589125
13926980,13926980
17761624,17761624
16014710,16014710
18229559,18229559
17800456,17800456
15776276,15776276
16825015,16825015
16730116,16730116
16091217,16091217
15786346,15786346
18024898,18024898
15299112,15299112
18617962,18617962
18750271,18750271
17157565,17157565
13252172,13252172
17652249,17652249
17981119,17981119
17455145,17455145
13897785,13897785
17574409,17574409
17824129,17824129
13576246,13576246
18081277,18081277
17181041,17181041
19021563,19021563
15554111,15554111
17616211,17616211
16304830,16304830
16220648,16220648
18931076,18931076
14957076,14957076
17835856,17835856
17254624,17254624
15842858,15842858
17941890,17941890
13946390,13946390
17309983,17309983
18414795,18414795
14958706,14958706
20919985,20919985
14250926,14250926
16856536,16856536
14601033,14601033
16615545,16615545
19255378,19255378
16054249,16054249
16905576,16905576
15693767,15693767
16146405,16146405
20045254,20045254
13164556,13164556
17757552,17757552
16863135,16863135
17712267,17712267
16481836,16481836
16257302,16257302
16836656,16836656
19204291,19204291
14588139,14588139
17003102,17003102
16122074,16122074
17486444,17486444
16569875,16569875
17601274,17601274
16164595,16164595
17753552,17753552
15017349,15017349
15315800,15315800
17104519,17104519
17883553,17883553
17979403,17979403
15675933,15675933
17734151,17734151
19238693,19238693
14051823,14051823
17609289,17609289
17335754,17335754
15663760,15663760
14894428,14894428
17802250,17802250
15315990,15315990
19150782,19150782
14695829,14695829
19022250,19022250
17562811,17562811
