[0.00047485]
[0.15241307]
[0.15241307]
[0.15241307]
[0.15241307]
[0.15241307]
[0.15241307]
[0.15241307]
[0.15241307]
[0.15241307]
[0.15241307]
[0.15241307]
[0.15241307]
[0.15241307]
[0.15241307]
[0.15241307]
[0.15241307]
[0.15241307]
[0.15241307]
[0.15241307]
[0.15241307]
[0.15241307]
[0.15241307]
[0.15241307]
[0.15241307]
[0.15257268],[0.19379523]
[0.15257268],[0.19379523]
[0.15257268],[0.19379523]
[0.15257268],[0.19379523]
[0.15257268],[0.19379523]
[0.15257268],[0.19379523]
[0.15257268],[0.19379523]
[0.15257268],[0.19379523]
[0.15257268],[0.19379523]
[0.15257268],[0.19379523]
[0.15257268],[0.19379523]
[0.15257268],[0.19379523]
[0.15257268],[0.19379523]
[0.15257268],[0.19379523]
[0.15257268],[0.19379523]
[0.15257268],[0.19379523]
[0.15257268],[0.19379523]
[0.15257268],[0.19379523]
[0.15257268],[0.19379523]
[0.15257268],[0.19379523]
[0.15257268],[0.19379523]
[0.15257268],[0.19379523]
[0.15257268],[0.19379523]
[0.15257268],[0.19379523]
[0.15257268],[0.19379523]
[0.15257268],[0.19379523]
[0.15257268],[0.19379523]
[0.15257268],[0.19379523]
[0.15257268],[0.19379523]
[0.15257268],[0.19379523]
[0.15257268],[0.19379523]
[0.15257268],[0.19379523]
[0.15257268],[0.19379523]
[0.15257268],[0.19379523]
[0.15257268],[0.19379523]
[0.15257268],[0.19379523]
[0.15257268],[0.19379523]
[0.15257268],[0.19379523]
[0.15257268],[0.19379523]
[0.15257268],[0.19379523]
[0.15257268],[0.19379523]
[0.15257268],[0.19379523]
[0.15257268],[0.19379523]
[0.15257268],[0.19379523]
[0.15257268],[0.19379523]
[0.15257268],[0.19379523]
[0.15257268],[0.19379523]
[0.15257268],[0.19379523]
[0.15257268],[0.19379523]
[0.15257268],[0.19379523]
[0.15257268],[0.19379523]
[0.15257268],[0.19379523]
[0.15257268],[0.19379523]
[0.15257268],[0.19379523]
[0.15257268],[0.19379523]
[0.15257268],[0.19379523]
[0.15257268],[0.19379523]
[0.15257268],[0.19379523]
[0.15257268],[0.19379523]
[0.15257268],[0.19379523]
[0.15257268],[0.19379523]
[0.15257268],[0.19379523]
[0.15257268],[0.19379523]
[0.15257268],[0.19379523]
[0.15257268],[0.19379523]
[0.15257268],[0.19379523]
[0.15257268],[0.19379523]
[0.15257268],[0.19379523]
[0.15257268],[0.19379523]
[0.15257268],[0.19379523]
[0.15257268],[0.19379523]
[0.15257268],[0.19379523]
[0.15257268],[0.19379523]
[0.15257268],[0.19379523]
[0.15257268],[0.19379523]
[0.15257268],[0.19379523]
[0.15257268],[0.19379523]
[0.15257268],[0.19379523]
[0.15257268],[0.19379523]
[0.15257268],[0.19379523]
[0.15257268],[0.19379523]
[0.15257268],[0.19379523]
[0.15257268],[0.19379523]
[0.15257268],[0.19379523]
[0.15257268],[0.19379523]
[0.15257268],[0.19379523]
[0.15257268],[0.19379523]
[0.15257268],[0.19379523]
[0.15257268],[0.19379523]
[0.15257268],[0.19379523]
[0.15257268],[0.19379523]
[0.15257268],[0.19379523]
[0.15257268],[0.19379523]
[0.15257268],[0.19379523]
[0.15257268],[0.19379523]
[0.15257268],[0.19379523]
[0.15257268],[0.19379523]
[0.15257268],[0.19379523]
[0.15257268],[0.19379523]
[0.15257268],[0.19379523]
[0.15257268],[0.19379523]
[0.15257268],[0.19379523]
[0.15257268],[0.19379523]
[0.15257268],[0.19379523]
[0.15257268],[0.19379523]
[0.15257268],[0.19379523]
[0.15257268],[0.19379523]
[0.15257268],[0.19379523]
[0.15257268],[0.19379523]
[0.15257268],[0.19379523]
[0.15257268],[0.19379523]
[0.15257268],[0.19379523]
[0.15257268],[0.19379523]
[0.15257268],[0.19379523]
[0.15257268],[0.19379523]
[0.15257268],[0.19379523]
[0.15257268],[0.19379523]
[0.15257268],[0.19379523]
[0.15257268],[0.19379523]
[0.15257268],[0.19379523]
[0.15257268],[0.19379523]
[0.15257268],[0.19379523]
[0.15257268],[0.19379523]
[0.15257268],[0.19379523]
[0.15257268],[0.19379523]
[0.15257268],[0.19379523]
[0.15257268],[0.19379523]
[0.15257268],[0.19379523]
