[[0.21271248]],[[0.21271248]]
[[0.00143297]],[[0.00143297]]
[[0.00143297]],[[0.00143297]]
[[0.00143297]],[[0.00143297]]
[[0.00143297]],[[0.00143297]]
[[0.00143297]],[[0.00143297]]
[[0.00143297]],[[0.00143297]]
[[0.00143297]],[[0.00143297]]
[[0.00143297]],[[0.00143297]]
[[0.00143297]],[[0.00143297]]
[[0.00143297]],[[0.00143297]]
[[0.28079398]],[[0.28079398]]
[[0.00143297]],[[0.00143297]]
[[0.00143297]],[[0.00143297]]
[[0.28079398]],[[0.28079398]]
[[0.00143297]],[[0.00143297]]
[[0.00143297]],[[0.00143297]]
[[0.00143297]],[[0.00143297]]
[[0.00143297]],[[0.00143297]]
[[0.00143297]],[[0.00143297]]
[[0.00143297]],[[0.00143297]]
[[0.00143297]],[[0.00143297]]
[[0.00143297]],[[0.00143297]]
[[0.00143297]],[[0.00143297]]
[[0.00143297]],[[0.00143297]]
[[0.00143297]],[[0.00143297]]
[[0.00143297]],[[0.00143297]]
[[0.00143297]],[[0.00143297]]
[[0.00143297]],[[0.00143297]]
[[0.28079398]],[[0.28079398]]
[[0.00143297]],[[0.00143297]]
[[0.00143297]],[[0.00143297]]
[[0.00143297]],[[0.00143297]]
[[0.00143297]],[[0.00143297]]
[[0.00143297]],[[0.00143297]]
[[0.28079398]],[[0.28079398]]
[[0.00143297]],[[0.00143297]]
[[0.00143297]],[[0.00143297]]
[[0.00143297]],[[0.00143297]]
[[0.00143297]],[[0.00143297]]
[[0.00143297]],[[0.00143297]]
[[0.00143297]],[[0.00143297]]
[[0.00143297]],[[0.00143297]]
[[0.00143297]],[[0.00143297]]
[[0.00143297]],[[0.00143297]]
[[0.28079398]],[[0.28079398]]
[[0.00143297]],[[0.00143297]]
[[0.00143297]],[[0.00143297]]
[[0.00143297]],[[0.00143297]]
[[0.00143297]],[[0.00143297]]
[[0.00143297]],[[0.00143297]]
[[0.00143297]],[[0.00143297]]
[[0.00143297]],[[0.00143297]]
[[0.00143297]],[[0.00143297]]
[[0.00143297]],[[0.00143297]]
[[0.00143297]],[[0.00143297]]
[[0.00143297]],[[0.00143297]]
[[0.00143297]],[[0.00143297]]
[[0.28079398]],[[0.28079398]]
[[0.00143297]],[[0.00143297]]
[[0.00143297]],[[0.00143297]]
[[0.00143297]],[[0.00143297]]
[[0.00143297]],[[0.00143297]]
[[0.00143297]],[[0.00143297]]
[[0.00143297]],[[0.00143297]]
[[0.00143297]],[[0.00143297]]
[[0.00143297]],[[0.00143297]]
[[0.00143297]],[[0.00143297]]
[[0.00143297]],[[0.00143297]]
[[0.00143297]],[[0.00143297]]
[[0.00143297]],[[0.00143297]]
[[0.00143297]],[[0.00143297]]
[[0.28079398]],[[0.28079398]]
[[0.00143297]],[[0.00143297]]
[[0.00143297]],[[0.00143297]]
[[0.00143297]],[[0.00143297]]
[[0.28079398]],[[0.28079398]]
[[0.28079398]],[[0.28079398]]
[[0.28079398]],[[0.28079398]]
[[0.00143297]],[[0.00143297]]
[[0.00143297]],[[0.00143297]]
[[0.00143297]],[[0.00143297]]
[[0.00143297]],[[0.00143297]]
[[0.00143297]],[[0.00143297]]
[[0.00143297]],[[0.00143297]]
[[0.00143297]],[[0.00143297]]
[[0.00143297]],[[0.00143297]]
[[0.00143297]],[[0.00143297]]
[[0.00143297]],[[0.00143297]]
[[0.00143297]],[[0.00143297]]
[[0.00143297]],[[0.00143297]]
[[0.28079398]],[[0.28079398]]
[[0.00143297]],[[0.00143297]]
[[0.00143297]],[[0.00143297]]
[[0.00143297]],[[0.00143297]]
[[0.00143297]],[[0.00143297]]
[[0.00143297]],[[0.00143297]]
[[0.00143297]],[[0.00143297]]
[[0.00143297]],[[0.00143297]]
[[0.00143297]],[[0.00143297]]
[[0.28079398]],[[0.28079398]]
[[0.00143297]],[[0.00143297]]
[[0.00143297]],[[0.00143297]]
[[0.00143297]],[[0.00143297]]
[[0.00143297]],[[0.00143297]]
[[0.00143297]],[[0.00143297]]
[[0.00143297]],[[0.00143297]]
[[0.00143297]],[[0.00143297]]
[[0.28079398]],[[0.28079398]]
[[0.28079398]],[[0.28079398]]
[[0.00143297]],[[0.00143297]]
[[0.00143297]],[[0.00143297]]
[[0.00143297]],[[0.00143297]]
[[0.00143297]],[[0.00143297]]
[[0.28079398]],[[0.28079398]]
[[0.00143297]],[[0.00143297]]
[[0.00143297]],[[0.00143297]]
[[0.00143297]],[[0.00143297]]
[[0.00143297]],[[0.00143297]]
[[0.28079398]],[[0.28079398]]
[[0.00143297]],[[0.00143297]]
[[0.00143297]],[[0.00143297]]
[[0.28079398]],[[0.28079398]]
[[0.00143297]],[[0.00143297]]
[[0.00143297]],[[0.00143297]]
[[0.00143297]],[[0.00143297]]
[[0.00143297]],[[0.00143297]]
[[0.00143297]],[[0.00143297]]
[[0.00143297]],[[0.00143297]]
[[0.00143297]],[[0.00143297]]
[[0.28079398]],[[0.28079398]]
[[0.00143297]],[[0.00143297]]
[[0.28079398]],[[0.28079398]]
[[0.00143297]],[[0.00143297]]
[[0.28079398]],[[0.28079398]]
[[0.00143297]],[[0.00143297]]
[[0.00143297]],[[0.00143297]]
[[0.00143297]],[[0.00143297]]
[[0.00143297]],[[0.00143297]]
[[0.28079398]],[[0.28079398]]
[[0.00143297]],[[0.00143297]]
[[0.28079398]],[[0.28079398]]
[[0.00143297]],[[0.00143297]]
[[0.00143297]],[[0.00143297]]
[[0.00143297]],[[0.00143297]]
[[0.28079398]],[[0.28079398]]
[[0.00143297]],[[0.00143297]]
[[0.28079398]],[[0.28079398]]
[[0.00143297]],[[0.00143297]]
[[0.00143297]],[[0.00143297]]
[[0.28079398]],[[0.28079398]]
[[0.00143297]],[[0.00143297]]
[[0.00143297]],[[0.00143297]]
[[0.28079398]],[[0.28079398]]
[[0.28079398]],[[0.28079398]]
[[0.28079398]],[[0.28079398]]
[[0.28079398]],[[0.28079398]]
[[0.00143297]],[[0.00143297]]
[[0.28079398]],[[0.28079398]]
[[0.28079398]],[[0.28079398]]
[[0.00143297]],[[0.00143297]]
[[0.28079398]],[[0.28079398]]
[[0.00143297]],[[0.00143297]]
[[0.00143297]],[[0.00143297]]
[[0.00143297]],[[0.00143297]]
[[0.00143297]],[[0.00143297]]
[[0.00143297]],[[0.00143297]]
[[0.00143297]],[[0.00143297]]
[[0.00143297]],[[0.00143297]]
[[0.00143297]],[[0.00143297]]
[[0.28079398]],[[0.28079398]]
[[0.28079398]],[[0.28079398]]
[[0.00143297]],[[0.00143297]]
[[0.28079398]],[[0.28079398]]
[[0.00143297]],[[0.00143297]]
[[0.00143297]],[[0.00143297]]
[[0.28079398]],[[0.28079398]]
[[0.00143297]],[[0.00143297]]
[[0.28079398]],[[0.28079398]]
[[0.00143297]],[[0.00143297]]
[[0.00143297]],[[0.00143297]]
[[0.28079398]],[[0.28079398]]
[[0.00143297]],[[0.00143297]]
[[0.00143297]],[[0.00143297]]
[[0.28079398]],[[0.28079398]]
[[0.28079398]],[[0.28079398]]
[[0.00143297]],[[0.00143297]]
[[0.00143297]],[[0.00143297]]
[[0.00143297]],[[0.00143297]]
[[0.00143297]],[[0.00143297]]
[[0.28079398]],[[0.28079398]]
[[0.00143297]],[[0.00143297]]
[[0.28079398]],[[0.28079398]]
[[0.28079398]],[[0.28079398]]
[[0.00143297]],[[0.00143297]]
[[0.00143297]],[[0.00143297]]
[[0.28079398]],[[0.28079398]]
[[0.28079398]],[[0.28079398]]
[[0.00143297]],[[0.00143297]]
[[0.00143297]],[[0.00143297]]
[[0.00143297]],[[0.00143297]]
[[0.00143297]],[[0.00143297]]
[[0.00143297]],[[0.00143297]]
[[0.00143297]],[[0.00143297]]
[[0.00143297]],[[0.00143297]]
[[0.00143297]],[[0.00143297]]
[[0.00143297]],[[0.00143297]]
[[0.00143297]],[[0.00143297]]
[[0.28079398]],[[0.28079398]]
[[0.00143297]],[[0.00143297]]
[[0.28079398]],[[0.28079398]]
[[0.00143297]],[[0.00143297]]
[[0.00143297]],[[0.00143297]]
[[0.15124728]],[[0.15124728]]
[[0.16231526]],[[0.16231526]]
[[0.00144597]],[[0.00144597]]
[[0.2215528]],[[0.2215528]]
[[0.15342774]],[[0.15342774]]
[[0.03711654]],[[0.03711654]]
[[0.14481416]],[[0.14481416]]
[[0.1380663]],[[0.1380663]]
[[0.1380663]],[[0.1380663]]
[[0.03869721]],[[0.03869721]]
[[0.00135322]],[[0.00135322]]
[[0.2350491]],[[0.2350491]]
[[0.20421631]],[[0.20421631]]
[[0.20421631]],[[0.20421631]]
[[0.20421631]],[[0.20421631]]
[[0.20421631]],[[0.20421631]]
[[0.20421631]],[[0.20421631]]
[[0.23309548]],[[0.23309548]]
[[0.20257826]],[[0.20257826]]
[[0.00134816]],[[0.00134816]]
[[0.19188341]],[[0.19188341]]
[[0.15672842]],[[0.15672842]]
[[0.00124986]],[[0.00124986]]
[[0.15451419]],[[0.15451419]]
[[0.02938745]],[[0.02938745]]
[[0.26791336]],[[0.26791336]]
[[0.15423378]],[[0.15423378]]
[[0.03098905]],[[0.03098905]]
[[0.18273261]],[[0.18273261]]
[[0.19438594]],[[0.19438594]]
[[0.15265647]],[[0.15265647]]
[[0.19120661]],[[0.19120661]]
[[0.16425232]],[[0.16425232]]
[[0.13598327]],[[0.13598327]]
[[0.16264914]],[[0.16264914]]
[[0.16334051]],[[0.16334051]]
[[0.16313277]],[[0.16313277]]
[[0.25841249]],[[0.25841249]]
[[0.21593491]],[[0.21593491]]
[[0.27207599]],[[0.27207599]]
[[0.27115327]],[[0.27115327]]
[[0.27144391]],[[0.27144391]]
[[0.00098259]],[[0.00098259]]
[[0.32255485]],[[0.32255485]]
[[0.22049031]],[[0.22049031]]
[[0.36472005]],[[0.36472005]]
[[0.15198582]],[[0.15198582]]
[[0.19425151]],[[0.19425151]]
[[0.20050844]],[[0.20050844]]
[[0.21944513]],[[0.21944513]]
[[0.37499682]],[[0.37499682]]
[[0.15326499]],[[0.15326499]]
[[0.19013947]],[[0.19013947]]
[[0.67301471]],[[0.67301471]]
[[0.19728402]],[[0.19728402]]
[[0.0008216]],[[0.0008216]]
[[0.03049001]],[[0.03049001]]
[[0.38746478]],[[0.38746478]]
[[0.33799309]],[[0.33799309]]
[[0.27857777]],[[0.27857777]]
[[0.1961622]],[[0.1961622]]
[[0.17218603]],[[0.17218603]]
[[0.21564385]],[[0.21564385]]
[[0.15408758]],[[0.15408758]]
[[0.03339962]],[[0.03339962]]
[[0.19272681]],[[0.19272681]]
[[0.27814066]],[[0.27814066]]
[[0.03359629]],[[0.03359629]]
[[0.19611185]],[[0.19611185]]
[[0.27954912]],[[0.27954912]]
[[0.21833344]],[[0.21833344]]
[[0.20011894]],[[0.20011894]]
[[0.05552533]],[[0.05552533]]
[[0.18258656]],[[0.18258656]]
[[0.18227278]],[[0.18227278]]
[[0.40195256]],[[0.40195256]]
[[0.18932201]],[[0.18932201]]
[[0.06375394]],[[0.06375394]]
[[0.31162469]],[[0.31162469]]
[[0.06586531]],[[0.06586531]]
[[0.29356726]],[[0.29356726]]
[[0.0542597]],[[0.0542597]]
[[0.06438693]],[[0.06438693]]
[[0.45076515]],[[0.45076515]]
[[0.41000213]],[[0.41000213]]
[[0.46598565]],[[0.46598565]]
[[0.21924992]],[[0.21924992]]
[[0.21918038]],[[0.21918038]]
[[0.14740107]],[[0.14740107]]
[[0.31028467]],[[0.31028467]]
[[0.23060879]],[[0.23060879]]
[[0.31048872]],[[0.31048872]]
[[0.22732167]],[[0.22732167]]
[[0.22696224]],[[0.22696224]]
[[0.39604754]],[[0.39604754]]
[[0.4094978]],[[0.4094978]]
[[0.29137837]],[[0.29137837]]
[[0.22768854]],[[0.22768854]]
[[0.22748463]],[[0.22748463]]
[[0.31250234]],[[0.31250234]]
[[0.24523611]],[[0.24523611]]
[[0.24480035]],[[0.24480035]]
[[0.30588662]],[[0.30588662]]
[[0.06472801]],[[0.06472801]]
[[0.22708425]],[[0.22708425]]
[[0.31092524]],[[0.31092524]]
[[0.23879524]],[[0.23879524]]
[[0.42040571]],[[0.42040571]]
[[0.32848137]],[[0.32848137]]
[[0.23583215]],[[0.23583215]]
[[0.07304745]],[[0.07304745]]
[[0.22515941]],[[0.22515941]]
[[0.46547101]],[[0.46547101]]
[[0.2251889]],[[0.2251889]]
[[0.15395946]],[[0.15395946]]
[[0.23730851]],[[0.23730851]]
[[0.08511905]],[[0.08511905]]
[[0.33314565]],[[0.33314565]]
[[0.42374005]],[[0.42374005]]
[[0.25520735]],[[0.25520735]]
[[0.09045368]],[[0.09045368]]
[[0.25784668]],[[0.25784668]]
[[0.09061306]],[[0.09061306]]
[[0.25569453]],[[0.25569453]]
[[0.09077135]],[[0.09077135]]
[[0.26493669]],[[0.26493669]]
[[0.2453706]],[[0.2453706]]
[[0.24537703]],[[0.24537703]]
[[0.42182184]],[[0.42182184]]
[[0.34919032]],[[0.34919032]]
[[0.24256697]],[[0.24256697]]
[[0.25147261]],[[0.25147261]]
[[0.48202426]],[[0.48202426]]
[[0.248707]],[[0.248707]]
[[0.34147493]],[[0.34147493]]
[[0.34084222]],[[0.34084222]]
[[0.23935413]],[[0.23935413]]
[[0.48430193]],[[0.48430193]]
[[0.43566485]],[[0.43566485]]
[[0.48534801]],[[0.48534801]]
[[0.25487169]],[[0.25487169]]
[[0.09788558]],[[0.09788558]]
[[0.0982633]],[[0.0982633]]
[[0.34176592]],[[0.34176592]]
[[0.26004778]],[[0.26004778]]
[[0.26781905]],[[0.26781905]]
[[0.29236306]],[[0.29236306]]
[[0.26765137]],[[0.26765137]]
[[0.25972076]],[[0.25972076]]
[[0.09582174]],[[0.09582174]]
[[0.24146853]],[[0.24146853]]
[[0.25301513]],[[0.25301513]]
[[0.26436054]],[[0.26436054]]
[[0.25245713]],[[0.25245713]]
[[0.34668531]],[[0.34668531]]
[[0.2452126]],[[0.2452126]]
[[0.26392125]],[[0.26392125]]
[[0.43275947]],[[0.43275947]]
[[0.34902472]],[[0.34902472]]
[[0.25977504]],[[0.25977504]]
[[0.25877517]],[[0.25877517]]
[[0.25683587]],[[0.25683587]]
[[0.35422619]],[[0.35422619]]
[[0.49585127]],[[0.49585127]]
[[0.43358452]],[[0.43358452]]
[[0.35402574]],[[0.35402574]]
[[0.48929907]],[[0.48929907]]
[[0.49299675]],[[0.49299675]]
[[0.35381106]],[[0.35381106]]
[[0.35381106]],[[0.35381106]]
[[0.26405854]],[[0.26405854]]
[[0.25582049]],[[0.25582049]]
[[0.35359562]],[[0.35359562]]
[[0.34588633]],[[0.34588633]]
[[0.34594635]],[[0.34594635]]
[[0.25543624]],[[0.25543624]]
[[0.43601461]],[[0.43601461]]
[[0.34229858]],[[0.34229858]]
[[0.2614742]],[[0.2614742]]
[[0.25505289]],[[0.25505289]]
[[0.34210617]],[[0.34210617]]
[[0.34210617]],[[0.34210617]]
[[0.42164134]],[[0.42164134]]
[[0.2548126]],[[0.2548126]]
[[0.2548126]],[[0.2548126]]
[[0.43636514]],[[0.43636514]]
[[0.25800186]],[[0.25800186]]
[[0.48726633]],[[0.48726633]]
[[0.34509641]],[[0.34509641]]
[[0.2577575]],[[0.2577575]]
[[0.24430333]],[[0.24430333]]
[[0.25079161]],[[0.25079161]]
[[0.34153076]],[[0.34153076]]
[[0.25751378]],[[0.25751378]]
[[0.48697187]],[[0.48697187]]
[[0.26135102]],[[0.26135102]]
[[0.2415435]],[[0.2415435]]
[[0.25727068]],[[0.25727068]]
[[0.25727068]],[[0.25727068]]
[[0.25727068]],[[0.25727068]]
[[0.25727068]],[[0.25727068]]
[[0.25727068]],[[0.25727068]]
[[0.34942429]],[[0.34942429]]
[[0.34942429]],[[0.34942429]]
[[0.48846747]],[[0.48846747]]
[[0.48682467]],[[0.48682467]]
[[0.3413206]],[[0.3413206]]
[[0.3413206]],[[0.3413206]]
[[0.3413206]],[[0.3413206]]
[[0.25349903]],[[0.25349903]]
[[0.48421483]],[[0.48421483]]
[[0.33765451]],[[0.33765451]]
[[0.3415175]],[[0.3415175]]
[[0.3415175]],[[0.3415175]]
[[0.42639762]],[[0.42639762]]
[[0.24906021]],[[0.24906021]]
[[0.25636077]],[[0.25636077]]
[[0.24893183]],[[0.24893183]]
[[0.33797349]],[[0.33797349]]
[[0.33441153]],[[0.33441153]]
[[0.42672005]],[[0.42672005]]
[[0.25221567]],[[0.25221567]]
[[0.24445519]],[[0.24445519]]
[[0.23788271]],[[0.23788271]]
[[0.08560523]],[[0.08560523]]
[[0.22573027]],[[0.22573027]]
[[0.07989729]],[[0.07989729]]
[[0.24465707]],[[0.24465707]]
[[0.24476762]],[[0.24476762]]
[[0.24273527]],[[0.24273527]]
[[0.24284527]],[[0.24284527]]
[[0.57939791]],[[0.57939791]]
[[0.32453709]],[[0.32453709]]
[[0.2244107]],[[0.2244107]]
[[0.31883368]],[[0.31883368]]
[[0.47085778]],[[0.47085778]]
[[0.23790203]],[[0.23790203]]
[[0.2383988]],[[0.2383988]]
[[0.40884137]],[[0.40884137]]
[[0.23851144]],[[0.23851144]]
[[0.23038538]],[[0.23038538]]
[[0.31311536]],[[0.31311536]]
[[0.30592583]],[[0.30592583]]
[[0.22943637]],[[0.22943637]]
[[0.44847872]],[[0.44847872]]
[[0.23890525]],[[0.23890525]]
[[0.47099865]],[[0.47099865]]
[[0.42404621]],[[0.42404621]]
[[0.25575736]],[[0.25575736]]
[[0.47374686]],[[0.47374686]]
[[0.32779549]],[[0.32779549]]
[[0.32798387]],[[0.32798387]]
[[0.21730477]],[[0.21730477]]
[[0.4624332]],[[0.4624332]]
[[0.46409932]],[[0.46409932]]
[[0.4625733]],[[0.4625733]]
[[0.22182177]],[[0.22182177]]
[[0.33280373]],[[0.33280373]]
[[0.38546088]],[[0.38546088]]
[[0.33600404]],[[0.33600404]]
[[0.45773762]],[[0.45773762]]
[[0.46334552]],[[0.46334552]]
[[0.45936799]],[[0.45936799]]
[[0.33338208]],[[0.33338208]]
[[0.39043746]],[[0.39043746]]
[[0.45859301]],[[0.45859301]]
[[0.4835856]],[[0.4835856]]
[[0.45516767]],[[0.45516767]]
[[0.32552439]],[[0.32552439]]
[[0.32945369]],[[0.32945369]]
[[0.32667874]],[[0.32667874]]
[[0.32602249]],[[0.32602249]]
[[0.45279303]],[[0.45279303]]
[[0.25887349]],[[0.25887349]]
[[0.32506089]],[[0.32506089]]
[[0.38006833]],[[0.38006833]]
[[0.44277139]],[[0.44277139]]
[[0.31704225]],[[0.31704225]]
[[0.31718579]],[[0.31718579]]
[[0.07732236]],[[0.07732236]]
[[0.07958702]],[[0.07958702]]
[[0.25786321]],[[0.25786321]]
[[0.43808368]],[[0.43808368]]
[[0.46084685]],[[0.46084685]]
[[0.55710412]],[[0.55710412]]
[[0.1982402]],[[0.1982402]]
[[0.30470094]],[[0.30470094]]
[[0.29647186]],[[0.29647186]]
[[0.42566179]],[[0.42566179]]
[[0.19348774]],[[0.19348774]]
[[0.29675053]],[[0.29675053]]
[[0.35643281]],[[0.35643281]]
[[0.28886033]],[[0.28886033]]
[[0.28717262]],[[0.28717262]]
[[0.22665545]],[[0.22665545]]
[[0.216694]],[[0.216694]]
[[0.27887219]],[[0.27887219]]
[[0.27899113]],[[0.27899113]]
[[0.20697426]],[[0.20697426]]
[[0.17567302]],[[0.17567302]]
[[0.23029073]],[[0.23029073]]
[[0.19010033]],[[0.19010033]]
[[0.2746529]],[[0.2746529]]
[[0.19022424]],[[0.19022424]]
[[0.27490768]],[[0.27490768]]
[[0.27504035]],[[0.27504035]]
[[0.2621678]],[[0.2621678]]
[[0.26228667]],[[0.26228667]]
[[0.20322282]],[[0.20322282]]
[[0.17722762]],[[0.17722762]]
[[0.21582268]],[[0.21582268]]
[[0.2159406]],[[0.2159406]]
[[0.03046988]],[[0.03046988]]
[[0.34116488]],[[0.34116488]]
[[0.27904181]],[[0.27904181]]
[[0.40698215]],[[0.40698215]]
[[0.39351078]],[[0.39351078]]
[[0.40708653]],[[0.40708653]]
[[0.26097008]],[[0.26097008]]
[[0.17715192]],[[0.17715192]]
[[0.21457366]],[[0.21457366]]
[[0.27477891]],[[0.27477891]]
[[0.2626121]],[[0.2626121]]
[[0.27503454]],[[0.27503454]]
[[0.17741714]],[[0.17741714]]
[[0.03907287]],[[0.03907287]]
[[0.3511022]],[[0.3511022]]
[[0.27560956]],[[0.27560956]]
[[0.16704507]],[[0.16704507]]
[[0.27574966]],[[0.27574966]]
[[0.26722111]],[[0.26722111]]
[[0.40307985]],[[0.40307985]]
[[0.17768917]],[[0.17768917]]
[[0.02987092]],[[0.02987092]]
[[0.02987092]],[[0.02987092]]
[[0.02987092]],[[0.02987092]]
[[0.02987092]],[[0.02987092]]
[[0.19190786]],[[0.19190786]]
[[0.19190786]],[[0.19190786]]
[[0.38099818]],[[0.38099818]]
[[0.38099818]],[[0.38099818]]
[[0.19190786]],[[0.19190786]]
[[0.26215056]],[[0.26215056]]
[[0.27479384]],[[0.27479384]]
[[0.16732119]],[[0.16732119]]
[[0.27479384]],[[0.27479384]]
[[0.27479384]],[[0.27479384]]
[[0.02016722]],[[0.02016722]]
[[0.26216978]],[[0.26216978]]
[[0.26216978]],[[0.26216978]]
[[0.20663465]],[[0.20663465]]
[[0.27361938]],[[0.27361938]]
[[0.38613611]],[[0.38613611]]
[[0.27466792]],[[0.27466792]]
[[0.17708472]],[[0.17708472]]
[[0.26207749]],[[0.26207749]]
[[0.20594584]],[[0.20594584]]
[[0.19048427]],[[0.19048427]]
[[0.19048427]],[[0.19048427]]
[[0.27870428]],[[0.27870428]]
[[0.26667709]],[[0.26667709]]
[[0.26658732]],[[0.26658732]]
[[0.26658732]],[[0.26658732]]
[[0.23811145]],[[0.23811145]]
[[0.26658732]],[[0.26658732]]
[[0.18783381]],[[0.18783381]]
[[0.16904761]],[[0.16904761]]
[[0.18772647]],[[0.18772647]]
[[0.26275187]],[[0.26275187]]
[[0.00045952]],[[0.00045952]]
[[0.02026116]],[[0.02026116]]
[[0.18751993]],[[0.18751993]]
[[0.27598513]],[[0.27598513]]
[[0.18751993]],[[0.18751993]]
[[0.18751993]],[[0.18751993]]
[[0.02026116]],[[0.02026116]]
[[0.19098689]],[[0.19098689]]
[[0.19098689]],[[0.19098689]]
[[0.19098689]],[[0.19098689]]
[[0.27610624]],[[0.27610624]]
[[0.27610624]],[[0.27610624]]
[[0.28376962]],[[0.28376962]]
[[0.28376962]],[[0.28376962]]
[[0.28376962]],[[0.28376962]]
[[0.28376962]],[[0.28376962]]
[[0.20154678]],[[0.20154678]]
[[0.20154678]],[[0.20154678]]
[[0.20154678]],[[0.20154678]]
[[0.41907762]],[[0.41907762]]
[[0.0334086]],[[0.0334086]]
[[0.18909874]],[[0.18909874]]
[[0.0198632]],[[0.0198632]]
[[0.37256364]],[[0.37256364]]
[[0.26606126]],[[0.26606126]]
[[0.26606126]],[[0.26606126]]
[[0.27610624]],[[0.27610624]]
[[0.27610624]],[[0.27610624]]
[[0.19098689]],[[0.19098689]]
[[0.19098689]],[[0.19098689]]
[[0.19098689]],[[0.19098689]]
[[0.19098689]],[[0.19098689]]
[[0.02472797]],[[0.02472797]]
[[0.19335374]],[[0.19335374]]
[[0.19335374]],[[0.19335374]]
[[0.24764907]],[[0.24764907]]
[[0.20762209]],[[0.20762209]]
[[0.13828318]],[[0.13828318]]
[[0.20629968]],[[0.20629968]]
[[0.17135908]],[[0.17135908]]
[[0.15235376]],[[0.15235376]]
[[0.15235376]],[[0.15235376]]
[[0.15235376]],[[0.15235376]]
[[0.37018212]],[[0.37018212]]
[[0.0004654]],[[0.0004654]]
[[0.16981208]],[[0.16981208]]
[[0.037557]],[[0.037557]]
[[0.15630089]],[[0.15630089]]
[[0.32706719]],[[0.32706719]]
[[0.17009008]],[[0.17009008]]
[[0.20651765]],[[0.20651765]]
[[0.25910618]],[[0.25910618]]
[[0.19892419]],[[0.19892419]]
[[0.14004016]],[[0.14004016]]
[[0.14077982]],[[0.14077982]]
[[0.15142965]],[[0.15142965]]
[[0.18857189]],[[0.18857189]]
[[0.04290283]],[[0.04290283]]
[[0.14133936]],[[0.14133936]]
[[0.15086246]],[[0.15086246]]
[[0.04221048]],[[0.04221048]]
[[0.04354362]],[[0.04354362]]
[[0.2145865]],[[0.2145865]]
[[0.2443719]],[[0.2443719]]
[[0.2690657]],[[0.2690657]]
[[0.02586335]],[[0.02586335]]
[[0.02612976]],[[0.02612976]]
[[0.0289678]],[[0.0289678]]
[[0.2103249]],[[0.2103249]]
[[0.16320228]],[[0.16320228]]
[[0.13013458]],[[0.13013458]]
[[0.21188268]],[[0.21188268]]
[[0.14155734]],[[0.14155734]]
[[0.16383458]],[[0.16383458]]
[[0.03258617]],[[0.03258617]]
[[0.245017]],[[0.245017]]
[[0.13885517]],[[0.13885517]]
[[0.13882557]],[[0.13882557]]
[[0.13879815]],[[0.13879815]]
[[0.13877291]],[[0.13877291]]
[[0.21486685]],[[0.21486685]]
[[0.21518177]],[[0.21518177]]
[[0.16450274]],[[0.16450274]]
[[0.05082348]],[[0.05082348]]
[[0.05079715]],[[0.05079715]]
[[0.22384519]],[[0.22384519]]
[[0.19628171]],[[0.19628171]]
[[0.17581902]],[[0.17581902]]
[[0.04945994]],[[0.04945994]]
[[0.24476946]],[[0.24476946]]
[[0.19787913]],[[0.19787913]]
[[0.19794478]],[[0.19794478]]
[[0.03085383]],[[0.03085383]]
[[0.21907377]],[[0.21907377]]
[[0.34973578]],[[0.34973578]]
[[0.24335482]],[[0.24335482]]
[[0.18274712]],[[0.18274712]]
[[0.18300336]],[[0.18300336]]
[[0.22017674]],[[0.22017674]]
[[0.2177886]],[[0.2177886]]
[[0.04834853]],[[0.04834853]]
[[0.22062982]],[[0.22062982]]
[[0.16083587]],[[0.16083587]]
[[0.22088714]],[[0.22088714]]
[[0.243914]],[[0.243914]]
[[0.1410517]],[[0.1410517]]
[[0.22088714]],[[0.22088714]]
[[0.22088714]],[[0.22088714]]
[[0.22088714]],[[0.22088714]]
[[0.22088714]],[[0.22088714]]
[[0.17771514]],[[0.17771514]]
[[0.24391396]],[[0.24391396]]
[[0.1611151]],[[0.1611151]]
[[0.22088714]],[[0.22088714]]
[[0.04984219]],[[0.04984219]]
[[0.04906994]],[[0.04906994]]
[[0.04906994]],[[0.04906994]]
[[0.16434597]],[[0.16434597]]
[[0.24413583]],[[0.24413583]]
[[0.16097585]],[[0.16097585]]
[[0.2438405]],[[0.2438405]]
[[0.00089957]],[[0.00089957]]
[[0.00089957]],[[0.00089957]]
[[0.00089957]],[[0.00089957]]
[[0.15464978]],[[0.15464978]]
[[0.03114966]],[[0.03114966]]
[[0.03114966]],[[0.03114966]]
[[0.03114966]],[[0.03114966]]
[[0.00089957]],[[0.00089957]]
[[0.00089957]],[[0.00089957]]
[[0.00089957]],[[0.00089957]]
[[0.00089957]],[[0.00089957]]
[[0.03114966]],[[0.03114966]]
[[0.18658063]],[[0.18658063]]
[[0.24654433]],[[0.24654433]]
[[0.00089957]],[[0.00089957]]
[[0.00089957]],[[0.00089957]]
[[0.03114966]],[[0.03114966]]
[[0.03114966]],[[0.03114966]]
[[0.18658063]],[[0.18658063]]
[[0.02728834]],[[0.02728834]]
[[0.16419649]],[[0.16419649]]
[[0.16419649]],[[0.16419649]]
[[0.16419649]],[[0.16419649]]
[[0.16419649]],[[0.16419649]]
[[0.02728834]],[[0.02728834]]
[[0.16419649]],[[0.16419649]]
[[0.16419649]],[[0.16419649]]
[[0.15311087]],[[0.15311087]]
[[0.15311087]],[[0.15311087]]
[[0.15311087]],[[0.15311087]]
[[0.15311087]],[[0.15311087]]
[[0.15311087]],[[0.15311087]]
[[0.15311087]],[[0.15311087]]
[[0.15311087]],[[0.15311087]]
[[0.14332264]],[[0.14332264]]
[[0.19796471]],[[0.19796471]]
[[0.15311087]],[[0.15311087]]
[[0.15311087]],[[0.15311087]]
[[0.15311087]],[[0.15311087]]
[[0.15311087]],[[0.15311087]]
[[0.05032605]],[[0.05032605]]
[[0.02510979]],[[0.02510979]]
[[0.02510979]],[[0.02510979]]
[[0.02510979]],[[0.02510979]]
[[0.02510979]],[[0.02510979]]
[[0.14332264]],[[0.14332264]]
[[0.14332264]],[[0.14332264]]
[[0.21411893]],[[0.21411893]]
[[0.15311087]],[[0.15311087]]
[[0.21411893]],[[0.21411893]]
[[0.13623122]],[[0.13623122]]
[[0.1379043]],[[0.1379043]]
[[0.21998174]],[[0.21998174]]
[[0.13623122]],[[0.13623122]]
[[0.13623122]],[[0.13623122]]
[[0.13623122]],[[0.13623122]]
[[0.13623122]],[[0.13623122]]
[[0.21998174]],[[0.21998174]]
[[0.1379043]],[[0.1379043]]
[[0.21998174]],[[0.21998174]]
[[0.21998174]],[[0.21998174]]
[[0.21998174]],[[0.21998174]]
[[0.21998174]],[[0.21998174]]
[[0.21998174]],[[0.21998174]]
[[0.21998174]],[[0.21998174]]
[[0.21998174]],[[0.21998174]]
[[0.1379043]],[[0.1379043]]
[[0.1379043]],[[0.1379043]]
[[0.19797304]],[[0.19797304]]
[[0.05031559]],[[0.05031559]]
[[0.05031559]],[[0.05031559]]
[[0.05031559]],[[0.05031559]]
[[0.05031559]],[[0.05031559]]
[[0.24224393]],[[0.24224393]]
[[0.2079817]],[[0.2079817]]
[[0.24224393]],[[0.24224393]]
[[0.16200757]],[[0.16200757]]
[[0.16200757]],[[0.16200757]]
[[0.16200757]],[[0.16200757]]
[[0.00088174]],[[0.00088174]]
[[0.21976862]],[[0.21976862]]
[[0.16404707]],[[0.16404707]]
[[0.16404707]],[[0.16404707]]
[[0.0278887]],[[0.0278887]]
[[0.0278887]],[[0.0278887]]
[[0.16404707]],[[0.16404707]]
[[0.16404707]],[[0.16404707]]
[[0.16404707]],[[0.16404707]]
[[0.16404707]],[[0.16404707]]
[[0.16404707]],[[0.16404707]]
[[0.16404707]],[[0.16404707]]
[[0.16404707]],[[0.16404707]]
[[0.16404707]],[[0.16404707]]
[[0.21976862]],[[0.21976862]]
[[0.21976862]],[[0.21976862]]
[[0.04959041]],[[0.04959041]]
[[0.04959041]],[[0.04959041]]
[[0.04959041]],[[0.04959041]]
[[0.21976862]],[[0.21976862]]
[[0.21976862]],[[0.21976862]]
[[0.21976862]],[[0.21976862]]
[[0.21976862]],[[0.21976862]]
[[0.21976862]],[[0.21976862]]
[[0.21976862]],[[0.21976862]]
[[0.04959041]],[[0.04959041]]
[[0.21976862]],[[0.21976862]]
[[0.21976862]],[[0.21976862]]
[[0.21976862]],[[0.21976862]]
[[0.21976862]],[[0.21976862]]
[[0.21976862]],[[0.21976862]]
[[0.04959041]],[[0.04959041]]
[[0.04959041]],[[0.04959041]]
[[0.21976862]],[[0.21976862]]
[[0.04959041]],[[0.04959041]]
[[0.21976862]],[[0.21976862]]
[[0.21976862]],[[0.21976862]]
[[0.21976862]],[[0.21976862]]
[[0.04959041]],[[0.04959041]]
[[0.04959041]],[[0.04959041]]
[[0.19922453]],[[0.19922453]]
[[0.14905309]],[[0.14905309]]
[[0.21976862]],[[0.21976862]]
[[0.04959041]],[[0.04959041]]
[[0.04959041]],[[0.04959041]]
[[0.19922453]],[[0.19922453]]
[[0.19922453]],[[0.19922453]]
[[0.19922453]],[[0.19922453]]
[[0.24206117]],[[0.24206117]]
[[0.24206117]],[[0.24206117]]
[[0.16182857]],[[0.16182857]]
[[0.24206119]],[[0.24206119]]
[[0.24206117]],[[0.24206117]]
[[0.24206117]],[[0.24206117]]
[[0.24206117]],[[0.24206117]]
[[0.24206117]],[[0.24206117]]
[[0.24206117]],[[0.24206117]]
[[0.20572134]],[[0.20572134]]
[[0.05030526]],[[0.05030526]]
[[0.05030526]],[[0.05030526]]
[[0.05030526]],[[0.05030526]]
[[0.24206117]],[[0.24206117]]
[[0.24206117]],[[0.24206117]]
[[0.24206117]],[[0.24206117]]
[[0.24206117]],[[0.24206117]]
[[0.24206117]],[[0.24206117]]
[[0.24206117]],[[0.24206117]]
[[0.16182857]],[[0.16182857]]
[[0.21960702]],[[0.21960702]]
[[0.17362124]],[[0.17362124]]
[[0.17362124]],[[0.17362124]]
[[0.17362124]],[[0.17362124]]
[[0.17362124]],[[0.17362124]]
[[0.17362124]],[[0.17362124]]
[[0.17362124]],[[0.17362124]]
[[0.21960702]],[[0.21960702]]
[[0.21960702]],[[0.21960702]]
[[0.21960702]],[[0.21960702]]
[[0.21960702]],[[0.21960702]]
[[0.17362124]],[[0.17362124]]
[[0.17362124]],[[0.17362124]]
[[0.17362124]],[[0.17362124]]
[[0.17362124]],[[0.17362124]]
[[0.17362124]],[[0.17362124]]
[[0.17362124]],[[0.17362124]]
[[0.17362124]],[[0.17362124]]
[[0.24206117]],[[0.24206117]]
[[0.24206117]],[[0.24206117]]
[[0.24206117]],[[0.24206117]]
[[0.02817652]],[[0.02817652]]
[[0.02817652]],[[0.02817652]]
[[0.21074203]],[[0.21074203]]
[[0.1386704]],[[0.1386704]]
[[0.22005506]],[[0.22005506]]
[[0.22005506]],[[0.22005506]]
[[0.22005506]],[[0.22005506]]
[[0.22005506]],[[0.22005506]]
[[0.18630848]],[[0.18630848]]
[[0.05022523]],[[0.05022523]]
[[0.24425288]],[[0.24425288]]
[[0.17839113]],[[0.17839113]]
[[0.22034131]],[[0.22034131]]
[[0.22034131]],[[0.22034131]]
[[0.22034131]],[[0.22034131]]
[[0.22034131]],[[0.22034131]]
[[0.24146936]],[[0.24146936]]
[[0.19277511]],[[0.19277511]]
[[0.19277511]],[[0.19277511]]
[[0.16494408]],[[0.16494408]]
[[0.04978699]],[[0.04978699]]
[[0.02754159]],[[0.02754159]]
[[0.1869604]],[[0.1869604]]
[[0.16517636]],[[0.16517636]]
[[0.24462013]],[[0.24462013]]
[[0.18732044]],[[0.18732044]]
[[0.24471883]],[[0.24471883]]
[[0.1874988]],[[0.1874988]]
[[0.02874987]],[[0.02874987]]
[[0.04970708]],[[0.04970708]]
[[0.02905681]],[[0.02905681]]
[[0.02905681]],[[0.02905681]]
[[0.17237035]],[[0.17237035]]
[[0.03826013]],[[0.03826013]]
[[0.27820965]],[[0.27820965]]
[[0.03038518]],[[0.03038518]]
[[0.0395856]],[[0.0395856]]
[[0.27387314]],[[0.27387314]]
[[0.18753945]],[[0.18753945]]
[[0.02787005]],[[0.02787005]]
[[0.02727383]],[[0.02727383]]
[[0.13735433]],[[0.13735433]]
[[0.19409705]],[[0.19409705]]
[[0.00093888]],[[0.00093888]]
[[0.00095873]],[[0.00095873]]
[[0.15485774]],[[0.15485774]]
[[0.17490475]],[[0.17490475]]
[[0.21431462]],[[0.21431462]]
[[0.02366059]],[[0.02366059]]
[[0.02305147]],[[0.02305147]]
[[0.15291029]],[[0.15291029]]
[[0.0010844]],[[0.0010844]]
[[0.0010844]],[[0.0010844]]
[[0.00109636]],[[0.00109636]]
[[0.03828511]],[[0.03828511]]
[[0.13795977]],[[0.13795977]]
[[0.02127236]],[[0.02127236]]
[[0.02127236]],[[0.02127236]]
[[0.13732495]],[[0.13732495]]
[[0.02100339]],[[0.02100339]]
[[0.02100339]],[[0.02100339]]
[[0.34669912]],[[0.34669912]]
[[0.19036526]],[[0.19036526]]
[[0.21705706]],[[0.21705706]]
[[0.13758691]],[[0.13758691]]
[[0.02039]],[[0.02039]]
[[0.02004046]],[[0.02004046]]
[[0.02004046]],[[0.02004046]]
[[0.01969133]],[[0.01969133]]
[[0.01969133]],[[0.01969133]]
[[0.01969133]],[[0.01969133]]
[[0.01969133]],[[0.01969133]]
[[0.21706159]],[[0.21706159]]
[[0.13295174]],[[0.13295174]]
[[0.01985931]],[[0.01985931]]
[[0.19022283]],[[0.19022283]]
[[0.01962455]],[[0.01962455]]
[[0.01962455]],[[0.01962455]]
[[0.01962455]],[[0.01962455]]
[[0.02014544]],[[0.02014544]]
[[0.1850642]],[[0.1850642]]
[[0.21896519]],[[0.21896519]]
[[0.21896519]],[[0.21896519]]
[[0.227193]],[[0.227193]]
[[0.15345568]],[[0.15345568]]
[[0.00118347]],[[0.00118347]]
[[0.13765511]],[[0.13765511]]
[[0.15753612]],[[0.15753612]]
[[0.21418507]],[[0.21418507]]
[[0.13265072]],[[0.13265072]]
[[0.02107031]],[[0.02107031]]
[[0.13757871]],[[0.13757871]]
[[0.021163]],[[0.021163]]
[[0.15103415]],[[0.15103415]]
[[0.00112548]],[[0.00112548]]
[[0.32763368]],[[0.32763368]]
[[0.02232576]],[[0.02232576]]
[[0.02232576]],[[0.02232576]]
[[0.05232526]],[[0.05232526]]
[[0.02262342]],[[0.02262342]]
[[0.02262342]],[[0.02262342]]
[[0.02262342]],[[0.02262342]]
[[0.13722448]],[[0.13722448]]
[[0.0509131]],[[0.0509131]]
[[0.03906102]],[[0.03906102]]
[[0.21465642]],[[0.21465642]]
[[0.21465642]],[[0.21465642]]
[[0.13701309]],[[0.13701309]]
[[0.33481935]],[[0.33481935]]
[[0.21790773]],[[0.21790773]]
[[0.32722571]],[[0.32722571]]
[[0.21146689]],[[0.21146689]]
[[0.13680084]],[[0.13680084]]
[[0.13680084]],[[0.13680084]]
[[0.13680084]],[[0.13680084]]
[[0.05179876]],[[0.05179876]]
[[0.02354859]],[[0.02354859]]
[[0.16873946]],[[0.16873946]]
[[0.21481887]],[[0.21481887]]
[[0.02385474]],[[0.02385474]]
[[0.02385474]],[[0.02385474]]
[[0.02385474]],[[0.02385474]]
[[0.02385474]],[[0.02385474]]
[[0.02385474]],[[0.02385474]]
[[0.13733351]],[[0.13733351]]
[[0.03920529]],[[0.03920529]]
[[0.21480091]],[[0.21480091]]
[[0.21480091]],[[0.21480091]]
[[0.02416486]],[[0.02416486]]
[[0.02416486]],[[0.02416486]]
[[0.02416486]],[[0.02416486]]
[[0.02416486]],[[0.02416486]]
[[0.02416486]],[[0.02416486]]
[[0.02416486]],[[0.02416486]]
[[0.02416486]],[[0.02416486]]
[[0.13731202]],[[0.13731202]]
[[0.13731202]],[[0.13731202]]
[[0.13731202]],[[0.13731202]]
[[0.02447876]],[[0.02447876]]
[[0.02447876]],[[0.02447876]]
[[0.02447876]],[[0.02447876]]
[[0.02447876]],[[0.02447876]]
[[0.02447876]],[[0.02447876]]
[[0.20196219]],[[0.20196219]]
[[0.02478409]],[[0.02478409]]
[[0.18769251]],[[0.18769251]]
[[0.02478409]],[[0.02478409]]
[[0.18769251]],[[0.18769251]]
[[0.2378555]],[[0.2378555]]
[[0.2378555]],[[0.2378555]]
[[0.2378555]],[[0.2378555]]
[[0.2378555]],[[0.2378555]]
[[0.02515681]],[[0.02515681]]
[[0.1695327]],[[0.1695327]]
[[0.02515681]],[[0.02515681]]
[[0.2378555]],[[0.2378555]]
[[0.02447876]],[[0.02447876]]
[[0.02447876]],[[0.02447876]]
[[0.02447876]],[[0.02447876]]
[[0.15286283]],[[0.15286283]]
[[0.39166954]],[[0.39166954]]
[[0.20061167]],[[0.20061167]]
[[0.0010362]],[[0.0010362]]
[[0.15223891]],[[0.15223891]]
[[0.20063886]],[[0.20063886]]
[[0.22054988]],[[0.22054988]]
[[0.02355231]],[[0.02355231]]
[[0.02355231]],[[0.02355231]]
[[0.02355231]],[[0.02355231]]
[[0.15218985]],[[0.15218985]]
[[0.15218981]],[[0.15218981]]
[[0.00104861]],[[0.00104861]]
[[0.00104861]],[[0.00104861]]
[[0.00104861]],[[0.00104861]]
[[0.00104861]],[[0.00104861]]
[[0.00104861]],[[0.00104861]]
[[0.00104861]],[[0.00104861]]
[[0.18640889]],[[0.18640889]]
[[0.18640889]],[[0.18640889]]
[[0.18640889]],[[0.18640889]]
[[0.18640889]],[[0.18640889]]
[[0.18640889]],[[0.18640889]]
[[0.18640889]],[[0.18640889]]
[[0.18640889]],[[0.18640889]]
[[0.28438037]],[[0.28438037]]
[[0.18654576]],[[0.18654576]]
[[0.18654576]],[[0.18654576]]
[[0.18654576]],[[0.18654576]]
[[0.18654576]],[[0.18654576]]
[[0.18654576]],[[0.18654576]]
[[0.18654576]],[[0.18654576]]
[[0.41655054]],[[0.41655054]]
[[0.27684708]],[[0.27684708]]
[[0.41655054]],[[0.41655054]]
[[0.18654576]],[[0.18654576]]
[[0.27068877]],[[0.27068877]]
[[0.41655054]],[[0.41655054]]
[[0.41655054]],[[0.41655054]]
[[0.18041632]],[[0.18041632]]
[[0.03555131]],[[0.03555131]]
[[0.20215462]],[[0.20215462]]
[[0.03555131]],[[0.03555131]]
[[0.03555131]],[[0.03555131]]
[[0.2833686]],[[0.2833686]]
[[0.18639404]],[[0.18639404]]
[[0.00101737]],[[0.00101737]]
[[0.02848076]],[[0.02848076]]
[[0.02848076]],[[0.02848076]]
[[0.28314951]],[[0.28314951]]
[[0.41120963]],[[0.41120963]]
[[0.37578538]],[[0.37578538]]
[[0.27022053]],[[0.27022053]]
[[0.27022053]],[[0.27022053]]
[[0.16152574]],[[0.16152574]]
[[0.02827785]],[[0.02827785]]
[[0.33186551]],[[0.33186551]]
[[0.32825571]],[[0.32825571]]
[[0.05312799]],[[0.05312799]]
[[0.19486132]],[[0.19486132]]
[[0.17493851]],[[0.17493851]]
[[0.20274918]],[[0.20274918]]
[[0.13664121]],[[0.13664121]]
[[0.03815257]],[[0.03815257]]
[[0.18685828]],[[0.18685828]]
[[0.27085647]],[[0.27085647]]
[[0.21921988]],[[0.21921988]]
[[0.1364051]],[[0.1364051]]
[[0.03816768]],[[0.03816768]]
[[0.18653708]],[[0.18653708]]
[[0.02725206]],[[0.02725206]]
[[0.18915105]],[[0.18915105]]
[[0.02725206]],[[0.02725206]]
[[0.02725206]],[[0.02725206]]
[[0.02725206]],[[0.02725206]]
[[0.18656887]],[[0.18656887]]
[[0.22034131]],[[0.22034131]]
[[0.05006213]],[[0.05006213]]
[[0.17086002]],[[0.17086002]]
[[0.17086002]],[[0.17086002]]
[[0.17086002]],[[0.17086002]]
[[0.17086002]],[[0.17086002]]
[[0.17086002]],[[0.17086002]]
[[0.17086002]],[[0.17086002]]
[[0.17086002]],[[0.17086002]]
[[0.14908341]],[[0.14908341]]
[[0.02754675]],[[0.02754675]]
[[0.02754675]],[[0.02754675]]
[[0.02754675]],[[0.02754675]]
[[0.02754675]],[[0.02754675]]
[[0.20528725]],[[0.20528725]]
[[0.00091013]],[[0.00091013]]
[[0.16194737]],[[0.16194737]]
[[0.03846817]],[[0.03846817]]
[[0.18682875]],[[0.18682875]]
[[0.18682875]],[[0.18682875]]
[[0.03846817]],[[0.03846817]]
[[0.16337035]],[[0.16337035]]
[[0.0009296]],[[0.0009296]]
[[0.16211301]],[[0.16211301]]
[[0.03845211]],[[0.03845211]]
[[0.03845211]],[[0.03845211]]
[[0.27109145]],[[0.27109145]]
[[0.03843613]],[[0.03843613]]
[[0.16226873]],[[0.16226873]]
[[0.00098039]],[[0.00098039]]
[[0.22266952]],[[0.22266952]]
[[0.18464668]],[[0.18464668]]
[[0.24046734]],[[0.24046734]]
[[0.15322149]],[[0.15322149]]
[[0.24544495]],[[0.24544495]]
[[0.21111764]],[[0.21111764]]
[[0.01926623]],[[0.01926623]]
[[0.01869788]],[[0.01869788]]
[[0.01833702]],[[0.01833702]]
[[0.01755229]],[[0.01755229]]
[[0.01726781]],[[0.01726781]]
[[0.01698477]],[[0.01698477]]
[[0.01670308]],[[0.01670308]]
[[0.01670308]],[[0.01670308]]
[[0.01642259]],[[0.01642259]]
[[0.3343921]],[[0.3343921]]
[[0.18890916]],[[0.18890916]]
[[0.00121898]],[[0.00121898]]
[[0.00121898]],[[0.00121898]]
[[0.16669787]],[[0.16669787]]
[[0.00123477]],[[0.00123477]]
[[0.20162779]],[[0.20162779]]
[[0.02888953]],[[0.02888953]]
[[0.02888953]],[[0.02888953]]
[[0.02888953]],[[0.02888953]]
[[0.02888953]],[[0.02888953]]
[[0.02888953]],[[0.02888953]]
[[0.02888953]],[[0.02888953]]
[[0.02888953]],[[0.02888953]]
[[0.02888953]],[[0.02888953]]
[[0.02888953]],[[0.02888953]]
[[0.02888953]],[[0.02888953]]
[[0.02888953]],[[0.02888953]]
[[0.02888953]],[[0.02888953]]
[[0.02888953]],[[0.02888953]]
[[0.02888953]],[[0.02888953]]
[[0.02888953]],[[0.02888953]]
[[0.20162779]],[[0.20162779]]
[[0.02888953]],[[0.02888953]]
[[0.02888953]],[[0.02888953]]
[[0.02888953]],[[0.02888953]]
[[0.02888953]],[[0.02888953]]
[[0.20162779]],[[0.20162779]]
[[0.02888953]],[[0.02888953]]
[[0.02888953]],[[0.02888953]]
[[0.02888953]],[[0.02888953]]
[[0.16695427]],[[0.16695427]]
[[0.02888953]],[[0.02888953]]
[[0.20162779]],[[0.20162779]]
[[0.20162779]],[[0.20162779]]
[[0.02888953]],[[0.02888953]]
[[0.02888953]],[[0.02888953]]
[[0.02888953]],[[0.02888953]]
[[0.02888953]],[[0.02888953]]
[[0.16695427]],[[0.16695427]]
[[0.02888953]],[[0.02888953]]
[[0.02888953]],[[0.02888953]]
[[0.02888953]],[[0.02888953]]
[[0.02888953]],[[0.02888953]]
[[0.02888953]],[[0.02888953]]
[[0.02888953]],[[0.02888953]]
[[0.02888953]],[[0.02888953]]
[[0.02888953]],[[0.02888953]]
[[0.02888953]],[[0.02888953]]
[[0.02888953]],[[0.02888953]]
[[0.02888953]],[[0.02888953]]
[[0.20162779]],[[0.20162779]]
[[0.02888953]],[[0.02888953]]
[[0.02888953]],[[0.02888953]]
[[0.16695427]],[[0.16695427]]
[[0.02888953]],[[0.02888953]]
[[0.02888953]],[[0.02888953]]
[[0.02888953]],[[0.02888953]]
[[0.02888953]],[[0.02888953]]
[[0.02888953]],[[0.02888953]]
[[0.02888953]],[[0.02888953]]
[[0.16695427]],[[0.16695427]]
[[0.02888953]],[[0.02888953]]
[[0.02888953]],[[0.02888953]]
[[0.20162779]],[[0.20162779]]
[[0.20162779]],[[0.20162779]]
[[0.20162779]],[[0.20162779]]
[[0.20162779]],[[0.20162779]]
[[0.02888953]],[[0.02888953]]
[[0.02888953]],[[0.02888953]]
[[0.20162779]],[[0.20162779]]
[[0.02888953]],[[0.02888953]]
[[0.02888953]],[[0.02888953]]
[[0.02888953]],[[0.02888953]]
[[0.02888953]],[[0.02888953]]
[[0.34565216]],[[0.34565216]]
[[0.02888953]],[[0.02888953]]
[[0.02888953]],[[0.02888953]]
[[0.16695427]],[[0.16695427]]
[[0.02888953]],[[0.02888953]]
[[0.02888953]],[[0.02888953]]
[[0.02888953]],[[0.02888953]]
[[0.16695427]],[[0.16695427]]
[[0.20162779]],[[0.20162779]]
[[0.02888953]],[[0.02888953]]
[[0.16695427]],[[0.16695427]]
[[0.02888953]],[[0.02888953]]
[[0.16695427]],[[0.16695427]]
[[0.16695427]],[[0.16695427]]
[[0.34565216]],[[0.34565216]]
[[0.02888953]],[[0.02888953]]
[[0.02888953]],[[0.02888953]]
[[0.02888953]],[[0.02888953]]
[[0.16695427]],[[0.16695427]]
[[0.16695427]],[[0.16695427]]
[[0.02888953]],[[0.02888953]]
[[0.02888953]],[[0.02888953]]
[[0.20162779]],[[0.20162779]]
[[0.16695427]],[[0.16695427]]
[[0.02888953]],[[0.02888953]]
[[0.34565216]],[[0.34565216]]
[[0.02888953]],[[0.02888953]]
[[0.02888953]],[[0.02888953]]
[[0.16695427]],[[0.16695427]]
[[0.16695427]],[[0.16695427]]
[[0.02888953]],[[0.02888953]]
[[0.02888953]],[[0.02888953]]
[[0.20162779]],[[0.20162779]]
[[0.02888953]],[[0.02888953]]
[[0.02888953]],[[0.02888953]]
[[0.02888953]],[[0.02888953]]
[[0.02888953]],[[0.02888953]]
[[0.02888953]],[[0.02888953]]
[[0.02888953]],[[0.02888953]]
[[0.02888953]],[[0.02888953]]
[[0.02888953]],[[0.02888953]]
[[0.15044749]],[[0.15044749]]
[[0.20162779]],[[0.20162779]]
[[0.02888953]],[[0.02888953]]
[[0.16695427]],[[0.16695427]]
[[0.02888953]],[[0.02888953]]
[[0.02888953]],[[0.02888953]]
[[0.20162779]],[[0.20162779]]
[[0.02888953]],[[0.02888953]]
[[0.02888953]],[[0.02888953]]
[[0.02888953]],[[0.02888953]]
[[0.15699101]],[[0.15699101]]
[[0.02888953]],[[0.02888953]]
[[0.20162779]],[[0.20162779]]
[[0.02888953]],[[0.02888953]]
[[0.16695427]],[[0.16695427]]
[[0.16695427]],[[0.16695427]]
[[0.02888953]],[[0.02888953]]
[[0.02888953]],[[0.02888953]]
[[0.02888953]],[[0.02888953]]
[[0.02888953]],[[0.02888953]]
[[0.16695427]],[[0.16695427]]
[[0.02888953]],[[0.02888953]]
[[0.02888953]],[[0.02888953]]
[[0.02888953]],[[0.02888953]]
[[0.02888953]],[[0.02888953]]
[[0.02888953]],[[0.02888953]]
[[0.02888953]],[[0.02888953]]
[[0.16695427]],[[0.16695427]]
[[0.16695427]],[[0.16695427]]
[[0.02888953]],[[0.02888953]]
[[0.00123477]],[[0.00123477]]
[[0.20162779]],[[0.20162779]]
[[0.02888953]],[[0.02888953]]
[[0.02888953]],[[0.02888953]]
[[0.02888953]],[[0.02888953]]
[[0.02888953]],[[0.02888953]]
[[0.02888953]],[[0.02888953]]
[[0.02888953]],[[0.02888953]]
[[0.16695427]],[[0.16695427]]
[[0.02888953]],[[0.02888953]]
[[0.02888953]],[[0.02888953]]
[[0.02888953]],[[0.02888953]]
[[0.02888953]],[[0.02888953]]
[[0.02888953]],[[0.02888953]]
[[0.16695427]],[[0.16695427]]
[[0.02888953]],[[0.02888953]]
[[0.02888953]],[[0.02888953]]
[[0.16695427]],[[0.16695427]]
[[0.02888953]],[[0.02888953]]
[[0.20162779]],[[0.20162779]]
[[0.02888953]],[[0.02888953]]
[[0.02888953]],[[0.02888953]]
[[0.16695427]],[[0.16695427]]
[[0.02888953]],[[0.02888953]]
[[0.02888953]],[[0.02888953]]
[[0.02888953]],[[0.02888953]]
[[0.16695427]],[[0.16695427]]
[[0.02888953]],[[0.02888953]]
[[0.02888953]],[[0.02888953]]
[[0.02888953]],[[0.02888953]]
[[0.16695427]],[[0.16695427]]
[[0.02888953]],[[0.02888953]]
[[0.20162779]],[[0.20162779]]
[[0.02888953]],[[0.02888953]]
[[0.02888953]],[[0.02888953]]
[[0.02888953]],[[0.02888953]]
[[0.02888953]],[[0.02888953]]
[[0.02888953]],[[0.02888953]]
[[0.16695427]],[[0.16695427]]
[[0.02888953]],[[0.02888953]]
[[0.02888953]],[[0.02888953]]
[[0.02888953]],[[0.02888953]]
[[0.02888953]],[[0.02888953]]
[[0.02888953]],[[0.02888953]]
[[0.00123477]],[[0.00123477]]
[[0.20162779]],[[0.20162779]]
[[0.02888953]],[[0.02888953]]
[[0.02888953]],[[0.02888953]]
[[0.02888953]],[[0.02888953]]
[[0.16695427]],[[0.16695427]]
[[0.02888953]],[[0.02888953]]
[[0.02888953]],[[0.02888953]]
[[0.02888953]],[[0.02888953]]
[[0.02888953]],[[0.02888953]]
[[0.20162779]],[[0.20162779]]
[[0.02888953]],[[0.02888953]]
[[0.02888953]],[[0.02888953]]
[[0.02888953]],[[0.02888953]]
[[0.02888953]],[[0.02888953]]
[[0.02888953]],[[0.02888953]]
[[0.02888953]],[[0.02888953]]
[[0.02888953]],[[0.02888953]]
[[0.20162779]],[[0.20162779]]
[[0.02888953]],[[0.02888953]]
[[0.20162779]],[[0.20162779]]
[[0.02888953]],[[0.02888953]]
[[0.16695427]],[[0.16695427]]
[[0.02888953]],[[0.02888953]]
[[0.02888953]],[[0.02888953]]
[[0.02888953]],[[0.02888953]]
[[0.02888953]],[[0.02888953]]
[[0.02888953]],[[0.02888953]]
[[0.02888953]],[[0.02888953]]
[[0.02888953]],[[0.02888953]]
[[0.34565216]],[[0.34565216]]
[[0.02888953]],[[0.02888953]]
[[0.02888953]],[[0.02888953]]
[[0.20162779]],[[0.20162779]]
[[0.02888953]],[[0.02888953]]
[[0.16695427]],[[0.16695427]]
[[0.02888953]],[[0.02888953]]
[[0.02888953]],[[0.02888953]]
[[0.02888953]],[[0.02888953]]
[[0.02888953]],[[0.02888953]]
[[0.16695427]],[[0.16695427]]
[[0.02888953]],[[0.02888953]]
[[0.20162779]],[[0.20162779]]
[[0.02888953]],[[0.02888953]]
[[0.02888953]],[[0.02888953]]
[[0.02888953]],[[0.02888953]]
[[0.02888953]],[[0.02888953]]
[[0.16695427]],[[0.16695427]]
[[0.02888953]],[[0.02888953]]
[[0.02888953]],[[0.02888953]]
[[0.02888953]],[[0.02888953]]
[[0.02888953]],[[0.02888953]]
[[0.02888953]],[[0.02888953]]
[[0.02888953]],[[0.02888953]]
[[0.33490574]],[[0.33490574]]
[[0.04433313]],[[0.04433313]]
[[0.04433313]],[[0.04433313]]
[[0.04433313]],[[0.04433313]]
[[0.04433313]],[[0.04433313]]
[[0.1995386]],[[0.1995386]]
[[0.04433313]],[[0.04433313]]
[[0.04433313]],[[0.04433313]]
[[0.04433313]],[[0.04433313]]
[[0.04433313]],[[0.04433313]]
[[0.04433313]],[[0.04433313]]
[[0.04433313]],[[0.04433313]]
[[0.04433313]],[[0.04433313]]
[[0.04433313]],[[0.04433313]]
[[0.04433313]],[[0.04433313]]
[[0.04433313]],[[0.04433313]]
[[0.04433313]],[[0.04433313]]
[[0.04433313]],[[0.04433313]]
[[0.04433313]],[[0.04433313]]
[[0.04433313]],[[0.04433313]]
[[0.15907726]],[[0.15907726]]
[[0.04433313]],[[0.04433313]]
[[0.04433313]],[[0.04433313]]
[[0.04433313]],[[0.04433313]]
[[0.04433313]],[[0.04433313]]
[[0.04433313]],[[0.04433313]]
[[0.04433313]],[[0.04433313]]
[[0.04433313]],[[0.04433313]]
[[0.04433313]],[[0.04433313]]
[[0.04433313]],[[0.04433313]]
[[0.04433313]],[[0.04433313]]
[[0.04433313]],[[0.04433313]]
[[0.04433313]],[[0.04433313]]
[[0.04433313]],[[0.04433313]]
[[0.04433313]],[[0.04433313]]
[[0.04433313]],[[0.04433313]]
[[0.04433313]],[[0.04433313]]
[[0.04433313]],[[0.04433313]]
[[0.34565216]],[[0.34565216]]
[[0.02888953]],[[0.02888953]]
[[0.02888953]],[[0.02888953]]
[[0.02888953]],[[0.02888953]]
[[0.02888953]],[[0.02888953]]
[[0.02888953]],[[0.02888953]]
[[0.20162779]],[[0.20162779]]
[[0.16695427]],[[0.16695427]]
[[0.02888953]],[[0.02888953]]
[[0.02888953]],[[0.02888953]]
[[0.02888953]],[[0.02888953]]
[[0.02888953]],[[0.02888953]]
[[0.02888953]],[[0.02888953]]
[[0.02888953]],[[0.02888953]]
[[0.02888953]],[[0.02888953]]
[[0.02888953]],[[0.02888953]]
[[0.20162779]],[[0.20162779]]
[[0.20162779]],[[0.20162779]]
[[0.02888953]],[[0.02888953]]
[[0.02888953]],[[0.02888953]]
[[0.20162779]],[[0.20162779]]
[[0.02888953]],[[0.02888953]]
[[0.02888953]],[[0.02888953]]
[[0.20162779]],[[0.20162779]]
[[0.02888953]],[[0.02888953]]
[[0.02888953]],[[0.02888953]]
[[0.02888953]],[[0.02888953]]
[[0.02888953]],[[0.02888953]]
[[0.02888953]],[[0.02888953]]
[[0.02888953]],[[0.02888953]]
[[0.02888953]],[[0.02888953]]
[[0.02888953]],[[0.02888953]]
[[0.02888953]],[[0.02888953]]
[[0.02888953]],[[0.02888953]]
[[0.02888953]],[[0.02888953]]
[[0.02888953]],[[0.02888953]]
[[0.02888953]],[[0.02888953]]
[[0.02888953]],[[0.02888953]]
[[0.02888953]],[[0.02888953]]
[[0.02888953]],[[0.02888953]]
[[0.02888953]],[[0.02888953]]
[[0.02888953]],[[0.02888953]]
[[0.02888953]],[[0.02888953]]
[[0.02888953]],[[0.02888953]]
[[0.02888953]],[[0.02888953]]
[[0.15044749]],[[0.15044749]]
[[0.02888953]],[[0.02888953]]
[[0.02888953]],[[0.02888953]]
[[0.02888953]],[[0.02888953]]
[[0.20162779]],[[0.20162779]]
[[0.20162779]],[[0.20162779]]
[[0.02888953]],[[0.02888953]]
[[0.02888953]],[[0.02888953]]
[[0.02888953]],[[0.02888953]]
[[0.02888953]],[[0.02888953]]
[[0.02888953]],[[0.02888953]]
[[0.02888953]],[[0.02888953]]
[[0.02888953]],[[0.02888953]]
[[0.02888953]],[[0.02888953]]
[[0.02888953]],[[0.02888953]]
[[0.02888953]],[[0.02888953]]
[[0.02888953]],[[0.02888953]]
[[0.02888953]],[[0.02888953]]
[[0.02888953]],[[0.02888953]]
[[0.16695427]],[[0.16695427]]
[[0.02888953]],[[0.02888953]]
[[0.02888953]],[[0.02888953]]
[[0.02888953]],[[0.02888953]]
[[0.02888953]],[[0.02888953]]
[[0.02888953]],[[0.02888953]]
[[0.02888953]],[[0.02888953]]
[[0.02888953]],[[0.02888953]]
[[0.02888953]],[[0.02888953]]
[[0.02888953]],[[0.02888953]]
[[0.02888953]],[[0.02888953]]
[[0.02888953]],[[0.02888953]]
[[0.02888953]],[[0.02888953]]
[[0.02888953]],[[0.02888953]]
[[0.02888953]],[[0.02888953]]
[[0.02888953]],[[0.02888953]]
[[0.02888953]],[[0.02888953]]
[[0.02888953]],[[0.02888953]]
[[0.02888953]],[[0.02888953]]
[[0.02888953]],[[0.02888953]]
[[0.02888953]],[[0.02888953]]
[[0.02888953]],[[0.02888953]]
[[0.02888953]],[[0.02888953]]
[[0.16695427]],[[0.16695427]]
[[0.02888953]],[[0.02888953]]
[[0.18782658]],[[0.18782658]]
[[0.20162779]],[[0.20162779]]
[[0.02888953]],[[0.02888953]]
[[0.02888953]],[[0.02888953]]
[[0.02888953]],[[0.02888953]]
[[0.02888953]],[[0.02888953]]
[[0.02888953]],[[0.02888953]]
[[0.20162779]],[[0.20162779]]
[[0.02888953]],[[0.02888953]]
[[0.02888953]],[[0.02888953]]
[[0.02888953]],[[0.02888953]]
[[0.20162779]],[[0.20162779]]
[[0.02888953]],[[0.02888953]]
[[0.34565216]],[[0.34565216]]
[[0.02888953]],[[0.02888953]]
[[0.02888953]],[[0.02888953]]
[[0.02888953]],[[0.02888953]]
[[0.02888953]],[[0.02888953]]
[[0.02888953]],[[0.02888953]]
[[0.02888953]],[[0.02888953]]
[[0.02888953]],[[0.02888953]]
[[0.20162779]],[[0.20162779]]
[[0.16695427]],[[0.16695427]]
[[0.02888953]],[[0.02888953]]
[[0.02888953]],[[0.02888953]]
[[0.02888953]],[[0.02888953]]
[[0.02888953]],[[0.02888953]]
[[0.02888953]],[[0.02888953]]
[[0.02888953]],[[0.02888953]]
[[0.02888953]],[[0.02888953]]
[[0.02888953]],[[0.02888953]]
[[0.02888953]],[[0.02888953]]
[[0.02888953]],[[0.02888953]]
[[0.02888953]],[[0.02888953]]
[[0.02888953]],[[0.02888953]]
[[0.02888953]],[[0.02888953]]
[[0.02888953]],[[0.02888953]]
[[0.02888953]],[[0.02888953]]
[[0.02888953]],[[0.02888953]]
[[0.02888953]],[[0.02888953]]
[[0.34565216]],[[0.34565216]]
[[0.16695427]],[[0.16695427]]
[[0.16695427]],[[0.16695427]]
[[0.02888953]],[[0.02888953]]
[[0.02888953]],[[0.02888953]]
[[0.02888953]],[[0.02888953]]
[[0.02888953]],[[0.02888953]]
[[0.02888953]],[[0.02888953]]
[[0.20162779]],[[0.20162779]]
[[0.20162779]],[[0.20162779]]
[[0.02888953]],[[0.02888953]]
[[0.02888953]],[[0.02888953]]
[[0.02888953]],[[0.02888953]]
[[0.02888953]],[[0.02888953]]
[[0.02888953]],[[0.02888953]]
[[0.02888953]],[[0.02888953]]
[[0.16695427]],[[0.16695427]]
[[0.02888953]],[[0.02888953]]
[[0.02888953]],[[0.02888953]]
[[0.34565216]],[[0.34565216]]
[[0.02991375]],[[0.02991375]]
[[0.02888953]],[[0.02888953]]
[[0.02888953]],[[0.02888953]]
[[0.02888953]],[[0.02888953]]
[[0.16695427]],[[0.16695427]]
[[0.02888953]],[[0.02888953]]
[[0.20162779]],[[0.20162779]]
[[0.02888953]],[[0.02888953]]
[[0.02888953]],[[0.02888953]]
[[0.02888953]],[[0.02888953]]
[[0.02888953]],[[0.02888953]]
[[0.02888953]],[[0.02888953]]
[[0.18782658]],[[0.18782658]]
[[0.02888953]],[[0.02888953]]
[[0.02888953]],[[0.02888953]]
[[0.02888953]],[[0.02888953]]
[[0.02888953]],[[0.02888953]]
[[0.02888953]],[[0.02888953]]
[[0.02888953]],[[0.02888953]]
[[0.02888953]],[[0.02888953]]
[[0.02888953]],[[0.02888953]]
[[0.02888953]],[[0.02888953]]
[[0.02888953]],[[0.02888953]]
[[0.02888953]],[[0.02888953]]
[[0.02888953]],[[0.02888953]]
[[0.02888953]],[[0.02888953]]
[[0.02888953]],[[0.02888953]]
[[0.02888953]],[[0.02888953]]
[[0.02888953]],[[0.02888953]]
[[0.02888953]],[[0.02888953]]
[[0.02888953]],[[0.02888953]]
[[0.02888953]],[[0.02888953]]
[[0.02888953]],[[0.02888953]]
[[0.02888953]],[[0.02888953]]
[[0.02888953]],[[0.02888953]]
[[0.02888953]],[[0.02888953]]
[[0.02888953]],[[0.02888953]]
[[0.02888953]],[[0.02888953]]
[[0.02888953]],[[0.02888953]]
[[0.02888953]],[[0.02888953]]
[[0.02888953]],[[0.02888953]]
[[0.02888953]],[[0.02888953]]
[[0.02888953]],[[0.02888953]]
[[0.16695427]],[[0.16695427]]
[[0.02888953]],[[0.02888953]]
[[0.02888953]],[[0.02888953]]
[[0.02888953]],[[0.02888953]]
[[0.20162779]],[[0.20162779]]
[[0.02888953]],[[0.02888953]]
[[0.02888953]],[[0.02888953]]
[[0.02888953]],[[0.02888953]]
[[0.02888953]],[[0.02888953]]
[[0.02888953]],[[0.02888953]]
[[0.02888953]],[[0.02888953]]
[[0.02888953]],[[0.02888953]]
[[0.02888953]],[[0.02888953]]
[[0.16695427]],[[0.16695427]]
[[0.02888953]],[[0.02888953]]
[[0.02888953]],[[0.02888953]]
[[0.02888953]],[[0.02888953]]
[[0.02888953]],[[0.02888953]]
[[0.20162779]],[[0.20162779]]
[[0.02888953]],[[0.02888953]]
[[0.02888953]],[[0.02888953]]
[[0.02888953]],[[0.02888953]]
[[0.02888953]],[[0.02888953]]
[[0.02888953]],[[0.02888953]]
[[0.02888953]],[[0.02888953]]
[[0.02888953]],[[0.02888953]]
[[0.02888953]],[[0.02888953]]
[[0.16695427]],[[0.16695427]]
[[0.02888953]],[[0.02888953]]
[[0.02888953]],[[0.02888953]]
[[0.02888953]],[[0.02888953]]
[[0.02888953]],[[0.02888953]]
[[0.02888953]],[[0.02888953]]
[[0.02888953]],[[0.02888953]]
[[0.02888953]],[[0.02888953]]
[[0.02888953]],[[0.02888953]]
[[0.02888953]],[[0.02888953]]
[[0.02888953]],[[0.02888953]]
[[0.02888953]],[[0.02888953]]
[[0.02888953]],[[0.02888953]]
[[0.02888953]],[[0.02888953]]
[[0.02888953]],[[0.02888953]]
[[0.02888953]],[[0.02888953]]
[[0.02888953]],[[0.02888953]]
[[0.02888953]],[[0.02888953]]
[[0.20162779]],[[0.20162779]]
[[0.02888953]],[[0.02888953]]
[[0.02888953]],[[0.02888953]]
[[0.02888953]],[[0.02888953]]
[[0.02888953]],[[0.02888953]]
[[0.02888953]],[[0.02888953]]
[[0.02888953]],[[0.02888953]]
[[0.02888953]],[[0.02888953]]
[[0.02888953]],[[0.02888953]]
[[0.02888953]],[[0.02888953]]
[[0.02888953]],[[0.02888953]]
[[0.02888953]],[[0.02888953]]
[[0.02888953]],[[0.02888953]]
[[0.02888953]],[[0.02888953]]
[[0.02888953]],[[0.02888953]]
[[0.02888953]],[[0.02888953]]
[[0.02888953]],[[0.02888953]]
[[0.02888953]],[[0.02888953]]
[[0.02888953]],[[0.02888953]]
[[0.34565216]],[[0.34565216]]
[[0.02888953]],[[0.02888953]]
[[0.02888953]],[[0.02888953]]
[[0.02888953]],[[0.02888953]]
[[0.02888953]],[[0.02888953]]
[[0.02888953]],[[0.02888953]]
[[0.20162779]],[[0.20162779]]
[[0.02888953]],[[0.02888953]]
[[0.02888953]],[[0.02888953]]
[[0.02888953]],[[0.02888953]]
[[0.02888953]],[[0.02888953]]
[[0.02888953]],[[0.02888953]]
[[0.02888953]],[[0.02888953]]
[[0.34565216]],[[0.34565216]]
[[0.02888953]],[[0.02888953]]
[[0.02888953]],[[0.02888953]]
[[0.02888953]],[[0.02888953]]
[[0.02888953]],[[0.02888953]]
[[0.02888953]],[[0.02888953]]
[[0.02888953]],[[0.02888953]]
[[0.02888953]],[[0.02888953]]
[[0.02888953]],[[0.02888953]]
[[0.02888953]],[[0.02888953]]
[[0.02888953]],[[0.02888953]]
[[0.02888953]],[[0.02888953]]
[[0.02888953]],[[0.02888953]]
[[0.02888953]],[[0.02888953]]
[[0.02888953]],[[0.02888953]]
[[0.02888953]],[[0.02888953]]
[[0.02888953]],[[0.02888953]]
[[0.20162779]],[[0.20162779]]
[[0.02888953]],[[0.02888953]]
[[0.02888953]],[[0.02888953]]
[[0.02888953]],[[0.02888953]]
[[0.02888953]],[[0.02888953]]
[[0.02888953]],[[0.02888953]]
[[0.34565216]],[[0.34565216]]
[[0.02888953]],[[0.02888953]]
[[0.20162779]],[[0.20162779]]
[[0.02888953]],[[0.02888953]]
[[0.02888953]],[[0.02888953]]
[[0.02888953]],[[0.02888953]]
[[0.02888953]],[[0.02888953]]
[[0.02888953]],[[0.02888953]]
[[0.02888953]],[[0.02888953]]
[[0.02888953]],[[0.02888953]]
[[0.02888953]],[[0.02888953]]
[[0.34565216]],[[0.34565216]]
[[0.20162779]],[[0.20162779]]
[[0.02888953]],[[0.02888953]]
[[0.02888953]],[[0.02888953]]
[[0.02888953]],[[0.02888953]]
[[0.16695427]],[[0.16695427]]
[[0.02888953]],[[0.02888953]]
[[0.02888953]],[[0.02888953]]
[[0.02888953]],[[0.02888953]]
[[0.02888953]],[[0.02888953]]
[[0.20162779]],[[0.20162779]]
[[0.02888953]],[[0.02888953]]
[[0.16695427]],[[0.16695427]]
[[0.02888953]],[[0.02888953]]
[[0.02888953]],[[0.02888953]]
[[0.02888953]],[[0.02888953]]
[[0.02888953]],[[0.02888953]]
[[0.02888953]],[[0.02888953]]
[[0.02888953]],[[0.02888953]]
[[0.16695427]],[[0.16695427]]
[[0.02888953]],[[0.02888953]]
[[0.02888953]],[[0.02888953]]
[[0.02888953]],[[0.02888953]]
[[0.18782658]],[[0.18782658]]
[[0.02888953]],[[0.02888953]]
[[0.02888953]],[[0.02888953]]
[[0.02888953]],[[0.02888953]]
[[0.02888953]],[[0.02888953]]
[[0.02888953]],[[0.02888953]]
[[0.02888953]],[[0.02888953]]
[[0.02888953]],[[0.02888953]]
[[0.02888953]],[[0.02888953]]
[[0.02888953]],[[0.02888953]]
[[0.02888953]],[[0.02888953]]
[[0.16695427]],[[0.16695427]]
[[0.02888953]],[[0.02888953]]
[[0.02888953]],[[0.02888953]]
[[0.02888953]],[[0.02888953]]
[[0.02888953]],[[0.02888953]]
[[0.02888953]],[[0.02888953]]
[[0.02888953]],[[0.02888953]]
[[0.02888953]],[[0.02888953]]
[[0.02888953]],[[0.02888953]]
[[0.02888953]],[[0.02888953]]
[[0.34565216]],[[0.34565216]]
[[0.02888953]],[[0.02888953]]
[[0.02888953]],[[0.02888953]]
[[0.02888953]],[[0.02888953]]
[[0.02888953]],[[0.02888953]]
[[0.02888953]],[[0.02888953]]
[[0.02888953]],[[0.02888953]]
[[0.16695427]],[[0.16695427]]
[[0.02888953]],[[0.02888953]]
[[0.02888953]],[[0.02888953]]
[[0.16695427]],[[0.16695427]]
[[0.02888953]],[[0.02888953]]
[[0.02888953]],[[0.02888953]]
[[0.02888953]],[[0.02888953]]
[[0.02888953]],[[0.02888953]]
[[0.02888953]],[[0.02888953]]
[[0.02888953]],[[0.02888953]]
[[0.02888953]],[[0.02888953]]
[[0.02888953]],[[0.02888953]]
[[0.02888953]],[[0.02888953]]
[[0.02888953]],[[0.02888953]]
[[0.02888953]],[[0.02888953]]
[[0.02888953]],[[0.02888953]]
[[0.02888953]],[[0.02888953]]
[[0.02888953]],[[0.02888953]]
[[0.02888953]],[[0.02888953]]
[[0.02888953]],[[0.02888953]]
[[0.02888953]],[[0.02888953]]
[[0.16695427]],[[0.16695427]]
[[0.02888953]],[[0.02888953]]
[[0.02888953]],[[0.02888953]]
[[0.16695427]],[[0.16695427]]
[[0.02888953]],[[0.02888953]]
[[0.16695427]],[[0.16695427]]
[[0.02888953]],[[0.02888953]]
[[0.02888953]],[[0.02888953]]
[[0.02888953]],[[0.02888953]]
[[0.02888953]],[[0.02888953]]
[[0.02888953]],[[0.02888953]]
[[0.20162779]],[[0.20162779]]
[[0.02888953]],[[0.02888953]]
[[0.02888953]],[[0.02888953]]
[[0.02888953]],[[0.02888953]]
[[0.02888953]],[[0.02888953]]
[[0.16695427]],[[0.16695427]]
[[0.02888953]],[[0.02888953]]
[[0.02888953]],[[0.02888953]]
[[0.02888953]],[[0.02888953]]
[[0.20162779]],[[0.20162779]]
[[0.02888953]],[[0.02888953]]
[[0.02888953]],[[0.02888953]]
[[0.02888953]],[[0.02888953]]
[[0.02888953]],[[0.02888953]]
[[0.02888953]],[[0.02888953]]
[[0.20162779]],[[0.20162779]]
[[0.02888953]],[[0.02888953]]
[[0.02888953]],[[0.02888953]]
[[0.20162779]],[[0.20162779]]
[[0.02888953]],[[0.02888953]]
[[0.02888953]],[[0.02888953]]
[[0.02888953]],[[0.02888953]]
[[0.02888953]],[[0.02888953]]
[[0.20162779]],[[0.20162779]]
[[0.02888953]],[[0.02888953]]
[[0.02888953]],[[0.02888953]]
[[0.02888953]],[[0.02888953]]
[[0.02888953]],[[0.02888953]]
[[0.02888953]],[[0.02888953]]
[[0.02888953]],[[0.02888953]]
[[0.02888953]],[[0.02888953]]
[[0.02888953]],[[0.02888953]]
[[0.02888953]],[[0.02888953]]
[[0.16695427]],[[0.16695427]]
[[0.02888953]],[[0.02888953]]
[[0.02888953]],[[0.02888953]]
[[0.02888953]],[[0.02888953]]
[[0.20162779]],[[0.20162779]]
[[0.02888953]],[[0.02888953]]
[[0.02888953]],[[0.02888953]]
[[0.02888953]],[[0.02888953]]
[[0.02888953]],[[0.02888953]]
[[0.02888953]],[[0.02888953]]
[[0.02888953]],[[0.02888953]]
[[0.02888953]],[[0.02888953]]
[[0.02888953]],[[0.02888953]]
[[0.02888953]],[[0.02888953]]
[[0.02888953]],[[0.02888953]]
[[0.02888953]],[[0.02888953]]
[[0.02888953]],[[0.02888953]]
[[0.02888953]],[[0.02888953]]
[[0.02888953]],[[0.02888953]]
[[0.02888953]],[[0.02888953]]
[[0.02888953]],[[0.02888953]]
[[0.02888953]],[[0.02888953]]
[[0.02888953]],[[0.02888953]]
[[0.02888953]],[[0.02888953]]
[[0.02888953]],[[0.02888953]]
[[0.02888953]],[[0.02888953]]
[[0.02888953]],[[0.02888953]]
[[0.02888953]],[[0.02888953]]
[[0.02888953]],[[0.02888953]]
[[0.02888953]],[[0.02888953]]
[[0.02888953]],[[0.02888953]]
[[0.02888953]],[[0.02888953]]
[[0.02888953]],[[0.02888953]]
[[0.20162779]],[[0.20162779]]
[[0.02888953]],[[0.02888953]]
[[0.02888953]],[[0.02888953]]
[[0.02888953]],[[0.02888953]]
[[0.02888953]],[[0.02888953]]
[[0.02888953]],[[0.02888953]]
[[0.02888953]],[[0.02888953]]
[[0.02888953]],[[0.02888953]]
[[0.02888953]],[[0.02888953]]
[[0.02888953]],[[0.02888953]]
[[0.02888953]],[[0.02888953]]
[[0.18782658]],[[0.18782658]]
[[0.02888953]],[[0.02888953]]
[[0.02888953]],[[0.02888953]]
[[0.02888953]],[[0.02888953]]
[[0.16695427]],[[0.16695427]]
[[0.02888953]],[[0.02888953]]
[[0.02888953]],[[0.02888953]]
[[0.02888953]],[[0.02888953]]
[[0.02888953]],[[0.02888953]]
[[0.02888953]],[[0.02888953]]
[[0.02888953]],[[0.02888953]]
[[0.20162779]],[[0.20162779]]
[[0.02888953]],[[0.02888953]]
[[0.02888953]],[[0.02888953]]
[[0.02888953]],[[0.02888953]]
[[0.02888953]],[[0.02888953]]
[[0.02888953]],[[0.02888953]]
[[0.02888953]],[[0.02888953]]
[[0.02888953]],[[0.02888953]]
[[0.02888953]],[[0.02888953]]
[[0.02888953]],[[0.02888953]]
[[0.02888953]],[[0.02888953]]
[[0.34565216]],[[0.34565216]]
[[0.02888953]],[[0.02888953]]
[[0.02888953]],[[0.02888953]]
[[0.02888953]],[[0.02888953]]
[[0.02888953]],[[0.02888953]]
[[0.02888953]],[[0.02888953]]
[[0.02888953]],[[0.02888953]]
[[0.02888953]],[[0.02888953]]
[[0.02888953]],[[0.02888953]]
[[0.02888953]],[[0.02888953]]
[[0.02888953]],[[0.02888953]]
[[0.02888953]],[[0.02888953]]
[[0.02888953]],[[0.02888953]]
[[0.02888953]],[[0.02888953]]
[[0.02888953]],[[0.02888953]]
[[0.02888953]],[[0.02888953]]
[[0.02888953]],[[0.02888953]]
[[0.02888953]],[[0.02888953]]
[[0.02888953]],[[0.02888953]]
[[0.02888953]],[[0.02888953]]
[[0.20162779]],[[0.20162779]]
[[0.16695427]],[[0.16695427]]
[[0.02888953]],[[0.02888953]]
[[0.02888953]],[[0.02888953]]
[[0.02888953]],[[0.02888953]]
[[0.02888953]],[[0.02888953]]
[[0.02888953]],[[0.02888953]]
[[0.02888953]],[[0.02888953]]
[[0.34565216]],[[0.34565216]]
[[0.02888953]],[[0.02888953]]
[[0.34565216]],[[0.34565216]]
[[0.02888953]],[[0.02888953]]
[[0.02888953]],[[0.02888953]]
[[0.02888953]],[[0.02888953]]
[[0.02888953]],[[0.02888953]]
[[0.34565216]],[[0.34565216]]
[[0.02888953]],[[0.02888953]]
[[0.02888953]],[[0.02888953]]
[[0.02888953]],[[0.02888953]]
[[0.02888953]],[[0.02888953]]
[[0.02888953]],[[0.02888953]]
[[0.02888953]],[[0.02888953]]
[[0.02888953]],[[0.02888953]]
[[0.02888953]],[[0.02888953]]
[[0.02888953]],[[0.02888953]]
[[0.02888953]],[[0.02888953]]
[[0.02888953]],[[0.02888953]]
[[0.02888953]],[[0.02888953]]
[[0.02888953]],[[0.02888953]]
[[0.02888953]],[[0.02888953]]
[[0.02888953]],[[0.02888953]]
[[0.02888953]],[[0.02888953]]
[[0.02888953]],[[0.02888953]]
[[0.02888953]],[[0.02888953]]
[[0.02888953]],[[0.02888953]]
[[0.02888953]],[[0.02888953]]
[[0.02888953]],[[0.02888953]]
[[0.02888953]],[[0.02888953]]
[[0.02888953]],[[0.02888953]]
[[0.02888953]],[[0.02888953]]
[[0.02888953]],[[0.02888953]]
[[0.02888953]],[[0.02888953]]
[[0.02888953]],[[0.02888953]]
[[0.02888953]],[[0.02888953]]
[[0.02888953]],[[0.02888953]]
[[0.02888953]],[[0.02888953]]
[[0.02888953]],[[0.02888953]]
[[0.02888953]],[[0.02888953]]
[[0.02888953]],[[0.02888953]]
[[0.02888953]],[[0.02888953]]
[[0.02888953]],[[0.02888953]]
[[0.02888953]],[[0.02888953]]
[[0.02888953]],[[0.02888953]]
[[0.20162779]],[[0.20162779]]
[[0.02888953]],[[0.02888953]]
[[0.16695427]],[[0.16695427]]
[[0.02888953]],[[0.02888953]]
[[0.02888953]],[[0.02888953]]
[[0.02888953]],[[0.02888953]]
[[0.20162779]],[[0.20162779]]
[[0.02888953]],[[0.02888953]]
[[0.02888953]],[[0.02888953]]
[[0.02888953]],[[0.02888953]]
[[0.02888953]],[[0.02888953]]
[[0.02888953]],[[0.02888953]]
[[0.15044749]],[[0.15044749]]
[[0.34565216]],[[0.34565216]]
[[0.02888953]],[[0.02888953]]
[[0.02888953]],[[0.02888953]]
[[0.02888953]],[[0.02888953]]
[[0.02888953]],[[0.02888953]]
[[0.02888953]],[[0.02888953]]
[[0.02888953]],[[0.02888953]]
[[0.02888953]],[[0.02888953]]
[[0.34565216]],[[0.34565216]]
[[0.02888953]],[[0.02888953]]
[[0.02888953]],[[0.02888953]]
[[0.02888953]],[[0.02888953]]
[[0.02888953]],[[0.02888953]]
[[0.02888953]],[[0.02888953]]
[[0.02888953]],[[0.02888953]]
[[0.02888953]],[[0.02888953]]
[[0.02888953]],[[0.02888953]]
[[0.02888953]],[[0.02888953]]
[[0.02888953]],[[0.02888953]]
[[0.18782658]],[[0.18782658]]
[[0.02888953]],[[0.02888953]]
[[0.02888953]],[[0.02888953]]
[[0.02888953]],[[0.02888953]]
[[0.02888953]],[[0.02888953]]
[[0.02888953]],[[0.02888953]]
[[0.02888953]],[[0.02888953]]
[[0.16695427]],[[0.16695427]]
[[0.02888953]],[[0.02888953]]
[[0.02888953]],[[0.02888953]]
[[0.16695427]],[[0.16695427]]
[[0.02888953]],[[0.02888953]]
[[0.02888953]],[[0.02888953]]
[[0.20162779]],[[0.20162779]]
[[0.02888953]],[[0.02888953]]
[[0.02888953]],[[0.02888953]]
[[0.16695427]],[[0.16695427]]
[[0.02888953]],[[0.02888953]]
[[0.02888953]],[[0.02888953]]
[[0.02888953]],[[0.02888953]]
[[0.02888953]],[[0.02888953]]
[[0.02888953]],[[0.02888953]]
[[0.02888953]],[[0.02888953]]
[[0.02888953]],[[0.02888953]]
[[0.02888953]],[[0.02888953]]
[[0.02888953]],[[0.02888953]]
[[0.02888953]],[[0.02888953]]
[[0.02888953]],[[0.02888953]]
[[0.02888953]],[[0.02888953]]
[[0.02888953]],[[0.02888953]]
[[0.02888953]],[[0.02888953]]
[[0.02888953]],[[0.02888953]]
[[0.02888953]],[[0.02888953]]
[[0.02888953]],[[0.02888953]]
[[0.02888953]],[[0.02888953]]
[[0.18862001]],[[0.18862001]]
[[0.02888953]],[[0.02888953]]
[[0.02888953]],[[0.02888953]]
[[0.02888953]],[[0.02888953]]
[[0.02888953]],[[0.02888953]]
[[0.02888953]],[[0.02888953]]
[[0.02888953]],[[0.02888953]]
[[0.02888953]],[[0.02888953]]
[[0.02888953]],[[0.02888953]]
[[0.02888953]],[[0.02888953]]
[[0.02888953]],[[0.02888953]]
[[0.02888953]],[[0.02888953]]
[[0.02888953]],[[0.02888953]]
[[0.02888953]],[[0.02888953]]
[[0.02888953]],[[0.02888953]]
[[0.02888953]],[[0.02888953]]
[[0.02888953]],[[0.02888953]]
[[0.02888953]],[[0.02888953]]
[[0.02888953]],[[0.02888953]]
[[0.02888953]],[[0.02888953]]
[[0.02888953]],[[0.02888953]]
[[0.02888953]],[[0.02888953]]
[[0.02888953]],[[0.02888953]]
[[0.02888953]],[[0.02888953]]
[[0.02888953]],[[0.02888953]]
[[0.02888953]],[[0.02888953]]
[[0.02888953]],[[0.02888953]]
[[0.02888953]],[[0.02888953]]
[[0.02888953]],[[0.02888953]]
[[0.02888953]],[[0.02888953]]
