[-0.71795812  0.51045672 -0.47325476],[ 0.67947777  0.66156382 -0.31724326],[ 0.15114927 -0.54933346 -0.82181911]
[-0.71795812  0.51045672 -0.47325476],[ 0.67947777  0.66156382 -0.31724326],[ 0.15114927 -0.54933346 -0.82181911]
[-0.71795812  0.51045672 -0.47325476],[ 0.67947777  0.66156382 -0.31724326],[ 0.15114927 -0.54933346 -0.82181911]
[-0.71795812  0.51045672 -0.47325476],[ 0.67947777  0.66156382 -0.31724326],[ 0.15114927 -0.54933346 -0.82181911]
[-0.71795812  0.51045672 -0.47325476],[ 0.67947777  0.66156382 -0.31724326],[ 0.15114927 -0.54933346 -0.82181911]
[-0.71795812  0.51045672 -0.47325476],[ 0.67947777  0.66156382 -0.31724326],[ 0.15114927 -0.54933346 -0.82181911]
[-0.71795812  0.51045672 -0.47325476],[ 0.67947777  0.66156382 -0.31724326],[ 0.15114927 -0.54933346 -0.82181911]
[-0.71795812  0.51045672 -0.47325476],[ 0.67947777  0.66156382 -0.31724326],[ 0.15114927 -0.54933346 -0.82181911]
[-0.71795812  0.51045672 -0.47325476],[ 0.67947777  0.66156382 -0.31724326],[ 0.15114927 -0.54933346 -0.82181911]
[-0.71795812  0.51045672 -0.47325476],[ 0.67947777  0.66156382 -0.31724326],[ 0.15114927 -0.54933346 -0.82181911]
[-0.71795812  0.51045672 -0.47325476],[ 0.67947777  0.66156382 -0.31724326],[ 0.15114927 -0.54933346 -0.82181911]
[-0.71795812  0.51045672 -0.47325476],[ 0.67947777  0.66156382 -0.31724326],[ 0.15114927 -0.54933346 -0.82181911]
[-0.71795812  0.51045672 -0.47325476],[ 0.67947777  0.66156382 -0.31724326],[ 0.15114927 -0.54933346 -0.82181911]
[-0.71795812  0.51045672 -0.47325476],[ 0.67947777  0.66156382 -0.31724326],[ 0.15114927 -0.54933346 -0.82181911]
[-0.71795812  0.51045672 -0.47325476],[ 0.67947777  0.66156382 -0.31724326],[ 0.15114927 -0.54933346 -0.82181911]
[-0.71795812  0.51045672 -0.47325476],[ 0.67947777  0.66156382 -0.31724326],[ 0.15114927 -0.54933346 -0.82181911]
[-0.71795812  0.51045672 -0.47325476],[ 0.67947777  0.66156382 -0.31724326],[ 0.15114927 -0.54933346 -0.82181911]
[-0.71795812  0.51045672 -0.47325476],[ 0.67947777  0.66156382 -0.31724326],[ 0.15114927 -0.54933346 -0.82181911]
[-0.71795812  0.51045672 -0.47325476],[ 0.67947777  0.66156382 -0.31724326],[ 0.15114927 -0.54933346 -0.82181911]
[-0.71795812  0.51045672 -0.47325476],[ 0.67947777  0.66156382 -0.31724326],[ 0.15114927 -0.54933346 -0.82181911]
[-0.71795812  0.51045672 -0.47325476],[ 0.67947777  0.66156382 -0.31724326],[ 0.15114927 -0.54933346 -0.82181911]
[-0.71795812  0.51045672 -0.47325476],[ 0.67947777  0.66156382 -0.31724326],[ 0.15114927 -0.54933346 -0.82181911]
[-0.71795812  0.51045672 -0.47325476],[ 0.67947777  0.66156382 -0.31724326],[ 0.15114927 -0.54933346 -0.82181911]
[-0.71795812  0.51045672 -0.47325476],[ 0.67947777  0.66156382 -0.31724326],[ 0.15114927 -0.54933346 -0.82181911]
[-0.71795812  0.51045672 -0.47325476],[ 0.67947777  0.66156382 -0.31724326],[ 0.15114927 -0.54933346 -0.82181911]
[-0.71795812  0.51045672 -0.47325476],[ 0.67947777  0.66156382 -0.31724326],[ 0.15114927 -0.54933346 -0.82181911]
[-0.71795812  0.51045672 -0.47325476],[ 0.67947777  0.66156382 -0.31724326],[ 0.15114927 -0.54933346 -0.82181911]
[-0.71795812  0.51045672 -0.47325476],[ 0.67947777  0.66156382 -0.31724326],[ 0.15114927 -0.54933346 -0.82181911]
[-0.71795812  0.51045672 -0.47325476],[ 0.67947777  0.66156382 -0.31724326],[ 0.15114927 -0.54933346 -0.82181911]
[-0.71795812  0.51045672 -0.47325476],[ 0.67947777  0.66156382 -0.31724326],[ 0.15114927 -0.54933346 -0.82181911]
[-0.71795812  0.51045672 -0.47325476],[ 0.67947777  0.66156382 -0.31724326],[ 0.15114927 -0.54933346 -0.82181911]
[-0.71795812  0.51045672 -0.47325476],[ 0.67947777  0.66156382 -0.31724326],[ 0.15114927 -0.54933346 -0.82181911]
[-0.71795812  0.51045672 -0.47325476],[ 0.67947777  0.66156382 -0.31724326],[ 0.15114927 -0.54933346 -0.82181911]
[-0.71795812  0.51045672 -0.47325476],[ 0.67947777  0.66156382 -0.31724326],[ 0.15114927 -0.54933346 -0.82181911]
[-0.71795812  0.51045672 -0.47325476],[ 0.67947777  0.66156382 -0.31724326],[ 0.15114927 -0.54933346 -0.82181911]
[-0.71795812  0.51045672 -0.47325476],[ 0.67947777  0.66156382 -0.31724326],[ 0.15114927 -0.54933346 -0.82181911]
[-0.71795812  0.51045672 -0.47325476],[ 0.67947777  0.66156382 -0.31724326],[ 0.15114927 -0.54933346 -0.82181911]
[-0.71795812  0.51045672 -0.47325476],[ 0.67947777  0.66156382 -0.31724326],[ 0.15114927 -0.54933346 -0.82181911]
[-0.71795812  0.51045672 -0.47325476],[ 0.67947777  0.66156382 -0.31724326],[ 0.15114927 -0.54933346 -0.82181911]
[-0.71795812  0.51045672 -0.47325476],[ 0.67947777  0.66156382 -0.31724326],[ 0.15114927 -0.54933346 -0.82181911]
[-0.71795812  0.51045672 -0.47325476],[ 0.67947777  0.66156382 -0.31724326],[ 0.15114927 -0.54933346 -0.82181911]
[-0.77310625  0.62429588 -0.11207755],[ 0.63339351  0.75056091 -0.18833741],[-0.03345724 -0.21659403 -0.97568829]
[-0.71795812  0.51045672 -0.47325476],[ 0.67947777  0.66156382 -0.31724326],[ 0.15114927 -0.54933346 -0.82181911]
[-0.71795812  0.51045672 -0.47325476],[ 0.67947777  0.66156382 -0.31724326],[ 0.15114927 -0.54933346 -0.82181911]
[-0.71795812  0.51045672 -0.47325476],[ 0.67947777  0.66156382 -0.31724326],[ 0.15114927 -0.54933346 -0.82181911]
[-0.71795812  0.51045672 -0.47325476],[ 0.67947777  0.66156382 -0.31724326],[ 0.15114927 -0.54933346 -0.82181911]
[-0.71795812  0.51045672 -0.47325476],[ 0.67947777  0.66156382 -0.31724326],[ 0.15114927 -0.54933346 -0.82181911]
[-0.71795812  0.51045672 -0.47325476],[ 0.67947777  0.66156382 -0.31724326],[ 0.15114927 -0.54933346 -0.82181911]
[-0.71795812  0.51045672 -0.47325476],[ 0.67947777  0.66156382 -0.31724326],[ 0.15114927 -0.54933346 -0.82181911]
[-0.71795812  0.51045672 -0.47325476],[ 0.67947777  0.66156382 -0.31724326],[ 0.15114927 -0.54933346 -0.82181911]
[-0.71795812  0.51045672 -0.47325476],[ 0.67947777  0.66156382 -0.31724326],[ 0.15114927 -0.54933346 -0.82181911]
[-0.71795812  0.51045672 -0.47325476],[ 0.67947777  0.66156382 -0.31724326],[ 0.15114927 -0.54933346 -0.82181911]
[-0.71795812  0.51045672 -0.47325476],[ 0.67947777  0.66156382 -0.31724326],[ 0.15114927 -0.54933346 -0.82181911]
[-0.71795812  0.51045672 -0.47325476],[ 0.67947777  0.66156382 -0.31724326],[ 0.15114927 -0.54933346 -0.82181911]
[-0.71795812  0.51045672 -0.47325476],[ 0.67947777  0.66156382 -0.31724326],[ 0.15114927 -0.54933346 -0.82181911]
[-0.71795812  0.51045672 -0.47325476],[ 0.67947777  0.66156382 -0.31724326],[ 0.15114927 -0.54933346 -0.82181911]
[-0.71795812  0.51045672 -0.47325476],[ 0.67947777  0.66156382 -0.31724326],[ 0.15114927 -0.54933346 -0.82181911]
[-0.71795812  0.51045672 -0.47325476],[ 0.67947777  0.66156382 -0.31724326],[ 0.15114927 -0.54933346 -0.82181911]
[-0.71795812  0.51045672 -0.47325476],[ 0.67947777  0.66156382 -0.31724326],[ 0.15114927 -0.54933346 -0.82181911]
[-0.77310625  0.62429588 -0.11207755],[ 0.63339351  0.75056091 -0.18833741],[-0.03345724 -0.21659403 -0.97568829]
[-0.71795812  0.51045672 -0.47325476],[ 0.67947777  0.66156382 -0.31724326],[ 0.15114927 -0.54933346 -0.82181911]
[-0.71795812  0.51045672 -0.47325476],[ 0.67947777  0.66156382 -0.31724326],[ 0.15114927 -0.54933346 -0.82181911]
[-0.71795812  0.51045672 -0.47325476],[ 0.67947777  0.66156382 -0.31724326],[ 0.15114927 -0.54933346 -0.82181911]
[-0.71795812  0.51045672 -0.47325476],[ 0.67947777  0.66156382 -0.31724326],[ 0.15114927 -0.54933346 -0.82181911]
[-0.71795812  0.51045672 -0.47325476],[ 0.67947777  0.66156382 -0.31724326],[ 0.15114927 -0.54933346 -0.82181911]
[-0.77310625  0.62429588 -0.11207755],[ 0.63339351  0.75056091 -0.18833741],[-0.03345724 -0.21659403 -0.97568829]
[-0.71795812  0.51045672 -0.47325476],[ 0.67947777  0.66156382 -0.31724326],[ 0.15114927 -0.54933346 -0.82181911]
[-0.71795812  0.51045672 -0.47325476],[ 0.67947777  0.66156382 -0.31724326],[ 0.15114927 -0.54933346 -0.82181911]
[-0.71795812  0.51045672 -0.47325476],[ 0.67947777  0.66156382 -0.31724326],[ 0.15114927 -0.54933346 -0.82181911]
[-0.71795812  0.51045672 -0.47325476],[ 0.67947777  0.66156382 -0.31724326],[ 0.15114927 -0.54933346 -0.82181911]
[-0.71795812  0.51045672 -0.47325476],[ 0.67947777  0.66156382 -0.31724326],[ 0.15114927 -0.54933346 -0.82181911]
[-0.71795812  0.51045672 -0.47325476],[ 0.67947777  0.66156382 -0.31724326],[ 0.15114927 -0.54933346 -0.82181911]
[-0.71795812  0.51045672 -0.47325476],[ 0.67947777  0.66156382 -0.31724326],[ 0.15114927 -0.54933346 -0.82181911]
[-0.71795812  0.51045672 -0.47325476],[ 0.67947777  0.66156382 -0.31724326],[ 0.15114927 -0.54933346 -0.82181911]
[-0.71795812  0.51045672 -0.47325476],[ 0.67947777  0.66156382 -0.31724326],[ 0.15114927 -0.54933346 -0.82181911]
[-0.71795812  0.51045672 -0.47325476],[ 0.67947777  0.66156382 -0.31724326],[ 0.15114927 -0.54933346 -0.82181911]
[-0.71795812  0.51045672 -0.47325476],[ 0.67947777  0.66156382 -0.31724326],[ 0.15114927 -0.54933346 -0.82181911]
[-0.71795812  0.51045672 -0.47325476],[ 0.67947777  0.66156382 -0.31724326],[ 0.15114927 -0.54933346 -0.82181911]
[-0.71795812  0.51045672 -0.47325476],[ 0.67947777  0.66156382 -0.31724326],[ 0.15114927 -0.54933346 -0.82181911]
[-0.71795812  0.51045672 -0.47325476],[ 0.67947777  0.66156382 -0.31724326],[ 0.15114927 -0.54933346 -0.82181911]
[-0.60225573  0.54311125 -0.58507966],[ 0.72230051  0.6828308  -0.10965436],[ 0.33995589 -0.4886433  -0.80352829]
[-0.71795812  0.51045672 -0.47325476],[ 0.67947777  0.66156382 -0.31724326],[ 0.15114927 -0.54933346 -0.82181911]
[-0.71795812  0.51045672 -0.47325476],[ 0.67947777  0.66156382 -0.31724326],[ 0.15114927 -0.54933346 -0.82181911]
[-0.71795812  0.51045672 -0.47325476],[ 0.67947777  0.66156382 -0.31724326],[ 0.15114927 -0.54933346 -0.82181911]
[-0.71795812  0.51045672 -0.47325476],[ 0.67947777  0.66156382 -0.31724326],[ 0.15114927 -0.54933346 -0.82181911]
[-0.71795812  0.51045672 -0.47325476],[ 0.67947777  0.66156382 -0.31724326],[ 0.15114927 -0.54933346 -0.82181911]
[-0.71795812  0.51045672 -0.47325476],[ 0.67947777  0.66156382 -0.31724326],[ 0.15114927 -0.54933346 -0.82181911]
[-0.71795812  0.51045672 -0.47325476],[ 0.67947777  0.66156382 -0.31724326],[ 0.15114927 -0.54933346 -0.82181911]
[-0.71795812  0.51045672 -0.47325476],[ 0.67947777  0.66156382 -0.31724326],[ 0.15114927 -0.54933346 -0.82181911]
[-0.71795812  0.51045672 -0.47325476],[ 0.67947777  0.66156382 -0.31724326],[ 0.15114927 -0.54933346 -0.82181911]
[-0.71795812  0.51045672 -0.47325476],[ 0.67947777  0.66156382 -0.31724326],[ 0.15114927 -0.54933346 -0.82181911]
[-0.71795812  0.51045672 -0.47325476],[ 0.67947777  0.66156382 -0.31724326],[ 0.15114927 -0.54933346 -0.82181911]
[-0.71795812  0.51045672 -0.47325476],[ 0.67947777  0.66156382 -0.31724326],[ 0.15114927 -0.54933346 -0.82181911]
[-0.71795812  0.51045672 -0.47325476],[ 0.67947777  0.66156382 -0.31724326],[ 0.15114927 -0.54933346 -0.82181911]
[-0.71795812  0.51045672 -0.47325476],[ 0.67947777  0.66156382 -0.31724326],[ 0.15114927 -0.54933346 -0.82181911]
[-0.71795812  0.51045672 -0.47325476],[ 0.67947777  0.66156382 -0.31724326],[ 0.15114927 -0.54933346 -0.82181911]
[-0.71795812  0.51045672 -0.47325476],[ 0.67947777  0.66156382 -0.31724326],[ 0.15114927 -0.54933346 -0.82181911]
[-0.71795812  0.51045672 -0.47325476],[ 0.67947777  0.66156382 -0.31724326],[ 0.15114927 -0.54933346 -0.82181911]
[-0.70239525  0.50733784 -0.49924867],[ 0.68750944  0.66519245 -0.29128984],[ 0.18431408 -0.54783878 -0.81602757]
[-0.74285642  0.66010746 -0.1114562 ],[ 0.66838356  0.74071799 -0.06782531],[ 0.03778562 -0.12487996 -0.99145209]
[-0.71795812  0.51045672 -0.47325476],[ 0.67947777  0.66156382 -0.31724326],[ 0.15114927 -0.54933346 -0.82181911]
[-0.77310625  0.62429588 -0.11207755],[ 0.63339351  0.75056091 -0.18833741],[-0.03345724 -0.21659403 -0.97568829]
[-0.71795812  0.51045672 -0.47325476],[ 0.67947777  0.66156382 -0.31724326],[ 0.15114927 -0.54933346 -0.82181911]
[-0.77310625  0.62429588 -0.11207755],[ 0.63339351  0.75056091 -0.18833741],[-0.03345724 -0.21659403 -0.97568829]
[-0.71795812  0.51045672 -0.47325476],[ 0.67947777  0.66156382 -0.31724326],[ 0.15114927 -0.54933346 -0.82181911]
[-0.71795812  0.51045672 -0.47325476],[ 0.67947777  0.66156382 -0.31724326],[ 0.15114927 -0.54933346 -0.82181911]
[-0.71795812  0.51045672 -0.47325476],[ 0.67947777  0.66156382 -0.31724326],[ 0.15114927 -0.54933346 -0.82181911]
[-0.77310625  0.62429588 -0.11207755],[ 0.63339351  0.75056091 -0.18833741],[-0.03345724 -0.21659403 -0.97568829]
[-0.77310625  0.62429588 -0.11207755],[ 0.63339351  0.75056091 -0.18833741],[-0.03345724 -0.21659403 -0.97568829]
[-0.71795812  0.51045672 -0.47325476],[ 0.67947777  0.66156382 -0.31724326],[ 0.15114927 -0.54933346 -0.82181911]
[-0.71795812  0.51045672 -0.47325476],[ 0.67947777  0.66156382 -0.31724326],[ 0.15114927 -0.54933346 -0.82181911]
[-0.71795812  0.51045672 -0.47325476],[ 0.67947777  0.66156382 -0.31724326],[ 0.15114927 -0.54933346 -0.82181911]
[-0.71795812  0.51045672 -0.47325476],[ 0.67947777  0.66156382 -0.31724326],[ 0.15114927 -0.54933346 -0.82181911]
[-0.77310625  0.62429588 -0.11207755],[ 0.63339351  0.75056091 -0.18833741],[-0.03345724 -0.21659403 -0.97568829]
[-0.71795812  0.51045672 -0.47325476],[ 0.67947777  0.66156382 -0.31724326],[ 0.15114927 -0.54933346 -0.82181911]
[-0.71795812  0.51045672 -0.47325476],[ 0.67947777  0.66156382 -0.31724326],[ 0.15114927 -0.54933346 -0.82181911]
[-0.74285642  0.66010746 -0.1114562 ],[ 0.66838356  0.74071799 -0.06782531],[ 0.03778562 -0.12487996 -0.99145209]
[-0.71795812  0.51045672 -0.47325476],[ 0.67947777  0.66156382 -0.31724326],[ 0.15114927 -0.54933346 -0.82181911]
[-0.71795812  0.51045672 -0.47325476],[ 0.67947777  0.66156382 -0.31724326],[ 0.15114927 -0.54933346 -0.82181911]
[-0.71795812  0.51045672 -0.47325476],[ 0.67947777  0.66156382 -0.31724326],[ 0.15114927 -0.54933346 -0.82181911]
[-0.70239525  0.50733784 -0.49924867],[ 0.68750944  0.66519245 -0.29128984],[ 0.18431408 -0.54783878 -0.81602757]
[-0.70239525  0.50733784 -0.49924867],[ 0.68750944  0.66519245 -0.29128984],[ 0.18431408 -0.54783878 -0.81602757]
[-0.71795812  0.51045672 -0.47325476],[ 0.67947777  0.66156382 -0.31724326],[ 0.15114927 -0.54933346 -0.82181911]
[-0.71795812  0.51045672 -0.47325476],[ 0.67947777  0.66156382 -0.31724326],[ 0.15114927 -0.54933346 -0.82181911]
[-0.71795812  0.51045672 -0.47325476],[ 0.67947777  0.66156382 -0.31724326],[ 0.15114927 -0.54933346 -0.82181911]
[-0.77310625  0.62429588 -0.11207755],[ 0.63339351  0.75056091 -0.18833741],[-0.03345724 -0.21659403 -0.97568829]
[-0.77310625  0.62429588 -0.11207755],[ 0.63339351  0.75056091 -0.18833741],[-0.03345724 -0.21659403 -0.97568829]
[-0.71795812  0.51045672 -0.47325476],[ 0.67947777  0.66156382 -0.31724326],[ 0.15114927 -0.54933346 -0.82181911]
[-0.71795812  0.51045672 -0.47325476],[ 0.67947777  0.66156382 -0.31724326],[ 0.15114927 -0.54933346 -0.82181911]
[-0.71795812  0.51045672 -0.47325476],[ 0.67947777  0.66156382 -0.31724326],[ 0.15114927 -0.54933346 -0.82181911]
[-0.71795812  0.51045672 -0.47325476],[ 0.67947777  0.66156382 -0.31724326],[ 0.15114927 -0.54933346 -0.82181911]
[-0.71795812  0.51045672 -0.47325476],[ 0.67947777  0.66156382 -0.31724326],[ 0.15114927 -0.54933346 -0.82181911]
[-0.71795812  0.51045672 -0.47325476],[ 0.67947777  0.66156382 -0.31724326],[ 0.15114927 -0.54933346 -0.82181911]
[-0.71795812  0.51045672 -0.47325476],[ 0.67947777  0.66156382 -0.31724326],[ 0.15114927 -0.54933346 -0.82181911]
[-0.71795812  0.51045672 -0.47325476],[ 0.67947777  0.66156382 -0.31724326],[ 0.15114927 -0.54933346 -0.82181911]
[-0.77310625  0.62429588 -0.11207755],[ 0.63339351  0.75056091 -0.18833741],[-0.03345724 -0.21659403 -0.97568829]
[-0.71795812  0.51045672 -0.47325476],[ 0.67947777  0.66156382 -0.31724326],[ 0.15114927 -0.54933346 -0.82181911]
[-0.71795812  0.51045672 -0.47325476],[ 0.67947777  0.66156382 -0.31724326],[ 0.15114927 -0.54933346 -0.82181911]
[-0.70239525  0.50733784 -0.49924867],[ 0.68750944  0.66519245 -0.29128984],[ 0.18431408 -0.54783878 -0.81602757]
[-0.71795812  0.51045672 -0.47325476],[ 0.67947777  0.66156382 -0.31724326],[ 0.15114927 -0.54933346 -0.82181911]
[-0.71795812  0.51045672 -0.47325476],[ 0.67947777  0.66156382 -0.31724326],[ 0.15114927 -0.54933346 -0.82181911]
[-0.77310625  0.62429588 -0.11207755],[ 0.63339351  0.75056091 -0.18833741],[-0.03345724 -0.21659403 -0.97568829]
[-0.71795812  0.51045672 -0.47325476],[ 0.67947777  0.66156382 -0.31724326],[ 0.15114927 -0.54933346 -0.82181911]
[-0.71795812  0.51045672 -0.47325476],[ 0.67947777  0.66156382 -0.31724326],[ 0.15114927 -0.54933346 -0.82181911]
[-0.77310625  0.62429588 -0.11207755],[ 0.63339351  0.75056091 -0.18833741],[-0.03345724 -0.21659403 -0.97568829]
[-0.77310625  0.62429588 -0.11207755],[ 0.63339351  0.75056091 -0.18833741],[-0.03345724 -0.21659403 -0.97568829]
[-0.77310625  0.62429588 -0.11207755],[ 0.63339351  0.75056091 -0.18833741],[-0.03345724 -0.21659403 -0.97568829]
[-0.71795812  0.51045672 -0.47325476],[ 0.67947777  0.66156382 -0.31724326],[ 0.15114927 -0.54933346 -0.82181911]
[-0.71795812  0.51045672 -0.47325476],[ 0.67947777  0.66156382 -0.31724326],[ 0.15114927 -0.54933346 -0.82181911]
[-0.71795812  0.51045672 -0.47325476],[ 0.67947777  0.66156382 -0.31724326],[ 0.15114927 -0.54933346 -0.82181911]
[-0.70239525  0.50733784 -0.49924867],[ 0.68750944  0.66519245 -0.29128984],[ 0.18431408 -0.54783878 -0.81602757]
[-0.71795812  0.51045672 -0.47325476],[ 0.67947777  0.66156382 -0.31724326],[ 0.15114927 -0.54933346 -0.82181911]
[-0.71795812  0.51045672 -0.47325476],[ 0.67947777  0.66156382 -0.31724326],[ 0.15114927 -0.54933346 -0.82181911]
[-0.71795812  0.51045672 -0.47325476],[ 0.67947777  0.66156382 -0.31724326],[ 0.15114927 -0.54933346 -0.82181911]
[-0.71795812  0.51045672 -0.47325476],[ 0.67947777  0.66156382 -0.31724326],[ 0.15114927 -0.54933346 -0.82181911]
[-0.71795812  0.51045672 -0.47325476],[ 0.67947777  0.66156382 -0.31724326],[ 0.15114927 -0.54933346 -0.82181911]
[-0.77310625  0.62429588 -0.11207755],[ 0.63339351  0.75056091 -0.18833741],[-0.03345724 -0.21659403 -0.97568829]
[-0.71795812  0.51045672 -0.47325476],[ 0.67947777  0.66156382 -0.31724326],[ 0.15114927 -0.54933346 -0.82181911]
[-0.71795812  0.51045672 -0.47325476],[ 0.67947777  0.66156382 -0.31724326],[ 0.15114927 -0.54933346 -0.82181911]
[-0.71795812  0.51045672 -0.47325476],[ 0.67947777  0.66156382 -0.31724326],[ 0.15114927 -0.54933346 -0.82181911]
[-0.70239525  0.50733784 -0.49924867],[ 0.68750944  0.66519245 -0.29128984],[ 0.18431408 -0.54783878 -0.81602757]
[-0.70239525  0.50733784 -0.49924867],[ 0.68750944  0.66519245 -0.29128984],[ 0.18431408 -0.54783878 -0.81602757]
[-0.70239525  0.50733784 -0.49924867],[ 0.68750944  0.66519245 -0.29128984],[ 0.18431408 -0.54783878 -0.81602757]
[-0.77310625  0.62429588 -0.11207755],[ 0.63339351  0.75056091 -0.18833741],[-0.03345724 -0.21659403 -0.97568829]
[-0.77310625  0.62429588 -0.11207755],[ 0.63339351  0.75056091 -0.18833741],[-0.03345724 -0.21659403 -0.97568829]
[-0.71795812  0.51045672 -0.47325476],[ 0.67947777  0.66156382 -0.31724326],[ 0.15114927 -0.54933346 -0.82181911]
[-0.77310625  0.62429588 -0.11207755],[ 0.63339351  0.75056091 -0.18833741],[-0.03345724 -0.21659403 -0.97568829]
[-0.77310625  0.62429588 -0.11207755],[ 0.63339351  0.75056091 -0.18833741],[-0.03345724 -0.21659403 -0.97568829]
[-0.71795812  0.51045672 -0.47325476],[ 0.67947777  0.66156382 -0.31724326],[ 0.15114927 -0.54933346 -0.82181911]
[-0.71795812  0.51045672 -0.47325476],[ 0.67947777  0.66156382 -0.31724326],[ 0.15114927 -0.54933346 -0.82181911]
[-0.71795812  0.51045672 -0.47325476],[ 0.67947777  0.66156382 -0.31724326],[ 0.15114927 -0.54933346 -0.82181911]
[-0.60225573  0.54311125 -0.58507966],[ 0.72230051  0.6828308  -0.10965436],[ 0.33995589 -0.4886433  -0.80352829]
[-0.71795812  0.51045672 -0.47325476],[ 0.67947777  0.66156382 -0.31724326],[ 0.15114927 -0.54933346 -0.82181911]
[-0.71795812  0.51045672 -0.47325476],[ 0.67947777  0.66156382 -0.31724326],[ 0.15114927 -0.54933346 -0.82181911]
[-0.71795812  0.51045672 -0.47325476],[ 0.67947777  0.66156382 -0.31724326],[ 0.15114927 -0.54933346 -0.82181911]
[-0.71795812  0.51045672 -0.47325476],[ 0.67947777  0.66156382 -0.31724326],[ 0.15114927 -0.54933346 -0.82181911]
[-0.71795812  0.51045672 -0.47325476],[ 0.67947777  0.66156382 -0.31724326],[ 0.15114927 -0.54933346 -0.82181911]
[-0.71795812  0.51045672 -0.47325476],[ 0.67947777  0.66156382 -0.31724326],[ 0.15114927 -0.54933346 -0.82181911]
[-0.71795812  0.51045672 -0.47325476],[ 0.67947777  0.66156382 -0.31724326],[ 0.15114927 -0.54933346 -0.82181911]
[-0.70239525  0.50733784 -0.49924867],[ 0.68750944  0.66519245 -0.29128984],[ 0.18431408 -0.54783878 -0.81602757]
[-0.71795812  0.51045672 -0.47325476],[ 0.67947777  0.66156382 -0.31724326],[ 0.15114927 -0.54933346 -0.82181911]
[-0.71795812  0.51045672 -0.47325476],[ 0.67947777  0.66156382 -0.31724326],[ 0.15114927 -0.54933346 -0.82181911]
[-0.71795812  0.51045672 -0.47325476],[ 0.67947777  0.66156382 -0.31724326],[ 0.15114927 -0.54933346 -0.82181911]
[-0.71795812  0.51045672 -0.47325476],[ 0.67947777  0.66156382 -0.31724326],[ 0.15114927 -0.54933346 -0.82181911]
[-0.74285642  0.66010746 -0.1114562 ],[ 0.66838356  0.74071799 -0.06782531],[ 0.03778562 -0.12487996 -0.99145209]
[-0.70239525  0.50733784 -0.49924867],[ 0.68750944  0.66519245 -0.29128984],[ 0.18431408 -0.54783878 -0.81602757]
[-0.71795812  0.51045672 -0.47325476],[ 0.67947777  0.66156382 -0.31724326],[ 0.15114927 -0.54933346 -0.82181911]
[-0.71795812  0.51045672 -0.47325476],[ 0.67947777  0.66156382 -0.31724326],[ 0.15114927 -0.54933346 -0.82181911]
[-0.71795812  0.51045672 -0.47325476],[ 0.67947777  0.66156382 -0.31724326],[ 0.15114927 -0.54933346 -0.82181911]
[-0.74285642  0.66010746 -0.1114562 ],[ 0.66838356  0.74071799 -0.06782531],[ 0.03778562 -0.12487996 -0.99145209]
[-0.69294264  0.69263257 -0.20022645],[0.6715522  0.72110403 0.170372  ],[ 0.2623893  -0.01640449 -0.96482265]
[-0.69294264  0.69263257 -0.20022645],[0.6715522  0.72110403 0.170372  ],[ 0.2623893  -0.01640449 -0.96482265]
[-0.75899123  0.44168588 -0.47837841],[ 0.64388089  0.6182783  -0.45072091],[ 0.09669393 -0.65011193 -0.7536609 ]
[-0.7187421   0.67737042 -0.15677725],[0.6713882  0.73477208 0.09668438],[ 0.18068668 -0.03576726 -0.98289014]
[-0.61515428  0.52581978 -0.58745108],[ 0.6978594   0.70985451 -0.09538779],[ 0.36684801 -0.46863647 -0.80361832]
[-0.61515428  0.52581978 -0.58745108],[ 0.6978594   0.70985451 -0.09538779],[ 0.36684801 -0.46863647 -0.80361832]
[-0.61515428  0.52581978 -0.58745108],[ 0.6978594   0.70985451 -0.09538779],[ 0.36684801 -0.46863647 -0.80361832]
[-0.72370494  0.62313038 -0.29657998],[ 0.68961724  0.6692287  -0.2766966 ],[ 0.02606177 -0.40477337 -0.91404557]
[-0.72040246  0.51420578 -0.46541671],[ 0.67809444  0.66310891 -0.31697715],[ 0.14563048 -0.5439476  -0.82638537]
[-0.75235784  0.6457341  -0.13032709],[ 0.65774616  0.72541524 -0.20283669],[-0.03643731 -0.23832792 -0.97050097]
[-0.76044309  0.44468653 -0.47326546],[ 0.64274875  0.61945592 -0.45071987],[ 0.09273804 -0.64693759 -0.75688269]
[-0.72317252  0.51645381 -0.45858148],[ 0.67659832  0.6630776  -0.32022307],[ 0.13869468 -0.54185198 -0.82895128]
[-0.69247717  0.69310776 -0.20019241],[0.67082205 0.7207128  0.17484519],[ 0.26546779 -0.01321718 -0.96402913]
[-0.61797218  0.53309526 -0.57785796],[ 0.69653983  0.71210783 -0.08794709],[ 0.364613   -0.45684994 -0.81138492]
[-0.61901228  0.53479902 -0.57516415],[ 0.69629113  0.71248007 -0.0868954 ],[ 0.36332142 -0.45427102 -0.81340973]
[-0.72691286  0.52112323 -0.44724521],[ 0.67441516  0.66450668 -0.32186188],[ 0.12946773 -0.53559449 -0.83449185]
[-0.67959898  0.47604468 -0.55814576],[ 0.68049136  0.69327921 -0.23726662],[ 0.27400134 -0.54105952 -0.79509613]
[-0.76427578  0.4506263  -0.46132252],[ 0.63973595  0.62003772 -0.45419285],[ 0.08136612 -0.64225319 -0.76216166]
[-0.69205662  0.6935761  -0.20002457],[0.67005546 0.72031537 0.179364  ],[ 0.26848335 -0.00989751 -0.96323348]
[-0.7826984   0.43202935 -0.44803332],[ 0.61544927  0.64451762 -0.45367304],[ 0.09276531 -0.63083094 -0.77035506]
[-0.79084466  0.49294088 -0.36273134],[ 0.61127982  0.66528788 -0.42863623],[ 0.03002844 -0.56071502 -0.82746418]
[-0.76255786  0.63432956 -0.12700997],[ 0.64465287  0.76151882 -0.06716969],[ 0.05411276 -0.13309811 -0.98962453]
[-0.73998542  0.50357922 -0.44590306],[ 0.65457145  0.69169686 -0.30510928],[ 0.15478305 -0.51765183 -0.84147417]
[-0.72682162  0.64563531 -0.23427631],[0.66049268 0.75058214 0.01938726],[ 0.18836072 -0.14064671 -0.97197672]
[-0.80083721  0.55459358 -0.22602154],[ 0.59886821  0.73902614 -0.30854048],[-0.00407874 -0.38244781 -0.92396809]
[-0.78565003  0.43670454 -0.43822731],[ 0.61300422  0.64514491 -0.45608537],[ 0.08354557 -0.62695868 -0.77455985]
[-0.72575059  0.64577899 -0.23718258],[0.66056758 0.75044467 0.02198348],[ 0.19218887 -0.1407206  -0.97121632]
[-0.76227066  0.63398654 -0.13040136],[ 0.64484631  0.76123496 -0.06851696],[ 0.05582724 -0.1363173  -0.98909095]
[-0.72520119  0.64610054 -0.23798597],[0.66065547 0.7503113  0.02381823],[ 0.19395254 -0.13995372 -0.9709765 ]
[-0.79761961  0.59293681 -0.11058436],[ 0.60130409  0.76731103 -0.22286135],[-0.0472901  -0.24425341 -0.96855765]
[-0.74479919  0.61675625 -0.25472712],[0.63314566 0.77371721 0.02209639],[ 0.21071484 -0.14482199 -0.96676049]
[-0.63963872  0.5359876  -0.55098058],[ 0.66755887  0.74270516 -0.05248051],[ 0.38108722 -0.40138054 -0.83286625]
[-0.74903403  0.51240992 -0.41998107],[ 0.64934506  0.69362437 -0.31182723],[ 0.13152574 -0.50628184 -0.85227911]
[-0.78846257  0.5009256  -0.35693181],[ 0.60813567  0.72184455 -0.33032023],[ 0.09218342 -0.4775081  -0.87377814]
[-0.80047777  0.55207409 -0.23334425],[ 0.59927293  0.7304832  -0.32751527],[-0.01035864 -0.40200558 -0.91557862]
[-0.69934096  0.64483185 -0.30840575],[0.63176514 0.75944423 0.15529733],[ 0.33435763 -0.08623422 -0.93849275]
[-0.7761802   0.49788886 -0.3868475 ],[ 0.61911618  0.71795915 -0.31816634],[ 0.11932923 -0.48645796 -0.86551672]
[-0.76016713  0.62634644 -0.1727312 ],[0.61850998 0.77901786 0.1028425 ],[ 0.19897572 -0.02865849 -0.9795853 ]
[-0.80469367  0.42161514 -0.41798177],[ 0.5871657   0.66927154 -0.45531533],[ 0.08777547 -0.61181393 -0.78611652]
[-0.76003762  0.62649365 -0.17276723],[0.61845806 0.77892616 0.10384437],[ 0.19963075 -0.02792366 -0.97947324]
[-0.75126926  0.59159554 -0.29259052],[0.6083132  0.79265056 0.04074477],[ 0.25602646 -0.14737639 -0.95536938]
[-0.69920744  0.64595408 -0.3063532 ],[0.63111815 0.75901352 0.15996365],[ 0.33585539 -0.08149729 -0.93838124]
[-0.80314558  0.47815415 -0.35542338],[ 0.58531314  0.74459624 -0.32091272],[ 0.11120117 -0.46577361 -0.87788909]
[-0.65774002  0.51367051 -0.5509271 ],[ 0.64248113  0.76437065 -0.05436452],[ 0.39318705 -0.38971799 -0.83278078]
[-0.81715961  0.56888494 -0.09284452],[ 0.57399257  0.78836414 -0.22139222],[-0.05275141 -0.23420485 -0.97075506]
[-0.6587159   0.51515289 -0.54837111],[ 0.64222332  0.76467626 -0.05309822],[ 0.39197267 -0.38715336 -0.83454761]
[-0.82025456  0.57045164 -0.04204033],[ 0.55261679  0.77134702 -0.31565561],[-0.14763858 -0.28215014 -0.94794206]
[-0.73351721  0.64584903 -0.21173458],[0.61715281 0.76341052 0.19059587],[ 0.28473656  0.00913276 -0.9585623 ]
[-0.80622057  0.47936877 -0.34671888],[ 0.58297577  0.74350677 -0.32762315],[ 0.10073553 -0.46626523 -0.87889083]
[-0.80887455  0.42674473 -0.40448843],[ 0.58345899  0.66770568 -0.46232534],[ 0.07278432 -0.60996562 -0.78907819]
[-0.80953705  0.42759858 -0.40225516],[ 0.58284414  0.66744612 -0.46347426],[ 0.07030271 -0.60965165 -0.78954569]
[-0.71421884  0.62274156 -0.31950649],[0.6040389  0.77902178 0.16811324],[ 0.35359362 -0.07292471 -0.93255216]
[-0.83459237  0.4614719  -0.30083094],[ 0.55079732  0.70781198 -0.4422946 ],[ 0.00882521 -0.53483257 -0.84491197]
[-0.83504349  0.46197127 -0.29880582],[ 0.55014714  0.70739332 -0.44377113],[ 0.00636373 -0.53495536 -0.84485636]
[-0.83427619  0.45673769 -0.3088267 ],[ 0.55123682  0.70216467 -0.45066922],[ 0.01100958 -0.54621925 -0.83756989]
[-0.84514937  0.50374511 -0.17878314],[ 0.53334131  0.77240798 -0.34486658],[-0.03563133 -0.38681621 -0.92146819]
[-0.82247048  0.45394521 -0.3427478 ],[ 0.55801836  0.7607414  -0.33149363],[ 0.11026249 -0.46390329 -0.87899711]
[-0.71537783  0.62527905 -0.31186643],[0.60273375 0.7780014  0.17727337],[ 0.35347784 -0.06115498 -0.93344174]
[-0.83163085  0.41244499 -0.37185918],[ 0.55222406  0.68491153 -0.47533649],[ 0.05864048 -0.60065408 -0.79735561]
[-0.83834488  0.46533622 -0.28397194],[ 0.54498236  0.70287542 -0.45712183],[-0.01311845 -0.53798544 -0.84285204]
[-0.84681334  0.50319273 -0.17234919],[ 0.52963043  0.7678836  -0.36034204],[-0.04897738 -0.39642382 -0.91676026]
[-0.84323789  0.50444592 -0.18569912],[ 0.53582495  0.76121844 -0.36529182],[-0.04291237 -0.40753013 -0.91218294]
[-0.83878321  0.54364504 -0.0298797 ],[ 0.51971655  0.78309155 -0.3415587 ],[-0.16228815 -0.30202268 -0.93938536]
[-0.83549809  0.41741587 -0.35736106],[ 0.54794984  0.68160418 -0.48493991],[ 0.04115718 -0.6009823  -0.79820195]
[-0.682991    0.59553676 -0.42291756],[0.62782827 0.77455492 0.0767877 ],[ 0.37330277 -0.2130743  -0.90290885]
[-0.81236155  0.48489005 -0.32396042],[ 0.5800069   0.72946741 -0.36258695],[ 0.06050376 -0.48245097 -0.87383085]
[-0.69143794  0.60304625 -0.39780497],[0.62612716 0.77491595 0.08642951],[ 0.3603864  -0.18931585 -0.91338992]
[-0.6833387   0.55079933 -0.47923722],[ 0.63658147  0.77090484 -0.02167379],[ 0.35750838 -0.31988408 -0.87741776]
[-0.81611408  0.48749404 -0.31033429],[ 0.57617956  0.72771101 -0.37209381],[ 0.04444017 -0.48247927 -0.8747793 ]
[-0.79676687  0.57869238 -0.17400485],[ 0.59720324  0.79803609 -0.08053999],[ 0.09225427 -0.16808786 -0.98144568]
[-0.81878543  0.49047355 -0.29837244],[ 0.57319568  0.72756997 -0.37694648],[ 0.03220455 -0.47966408 -0.87686102]
[-0.74939418  0.60984678 -0.25786677],[0.60899916 0.78769476 0.09304298],[ 0.25986226 -0.08731478 -0.96169004]
[-0.69216059  0.61073733 -0.3845954 ],[0.62234696 0.77490255 0.11050021],[ 0.36551056 -0.16286789 -0.91644753]
[-0.80904648  0.52124493 -0.27156492],[ 0.58753846  0.7050179  -0.39717543],[-0.01556755 -0.48088822 -0.8766437 ]
[-0.80321241  0.52384815 -0.28360702],[ 0.59568801  0.70443915 -0.3859032 ],[-0.00237079 -0.47890354 -0.87786433]
[-0.82525681  0.49905667 -0.26437406],[ 0.56475133  0.727028   -0.39049485],[-0.00267172 -0.47156414 -0.88182772]
[-0.82611881  0.50081593 -0.25828496],[ 0.56343679  0.72750578 -0.39150266],[-0.00816697 -0.46895496 -0.88318432]
[-0.72293655  0.63506041 -0.27214155],[0.5980301  0.77241942 0.21384161],[ 0.34600976 -0.00815492 -0.93819547]
[-0.81973146  0.56718538 -0.0796309 ],[ 0.560843    0.76669673 -0.31245999],[-0.11616999 -0.30079371 -0.94658738]
[-0.79835485  0.52520369 -0.29460247],[ 0.59637512  0.75737946 -0.26591929],[ 0.08346407 -0.38799154 -0.91787598]
[-0.75696572  0.61012199 -0.23399584],[ 0.63403035  0.77242029 -0.03704609],[ 0.1581405  -0.17640309 -0.97153154]
[-0.80481013  0.53081861 -0.26554143],[ 0.59083873  0.75908098 -0.27332337],[ 0.05648232 -0.37686558 -0.92454426]
[-0.70878199  0.56235673 -0.42589082],[0.60334177 0.79609196 0.04707753],[ 0.36552262 -0.22359001 -0.90354896]
[-0.7089712   0.56394641 -0.42346699],[0.60240913 0.79648222 0.05214706],[ 0.36669207 -0.21812962 -0.90440942]
[-0.77029095  0.6143946  -0.17079561],[0.59181594 0.78850771 0.16736036],[ 0.23749896  0.02783661 -0.97098886]
[-0.77502406  0.61046484 -0.1633107 ],[0.58723788 0.79120612 0.17071774],[ 0.2334296   0.03640813 -0.97169186]
[-0.75835953  0.62680319 -0.17890945],[0.57973099 0.77404646 0.25448781],[ 0.297998    0.08927391 -0.95038275]
[-0.83528625  0.54886857 -0.03225182],[ 0.52886399  0.78603439 -0.3200825 ],[-0.15033219 -0.28441734 -0.94684054]
[-0.84569496  0.50139623 -0.18276175],[ 0.52981255  0.74773481 -0.40023907],[-0.06402104 -0.43530963 -0.89800158]
[-0.77063236  0.61488284 -0.16746599],[0.58921696 0.7875872  0.18036016],[ 0.24279444  0.04031757 -0.96923958]
[-0.77855027  0.56741276 -0.26814592],[0.58416111 0.81137061 0.02082168],[ 0.2293802  -0.14042969 -0.96315327]
[-0.84633122  0.50537572 -0.16828207],[ 0.52688283  0.74788752 -0.40380533],[-0.07821735 -0.43041799 -0.89923434]
[-0.77758294  0.56945431 -0.26662063],[0.58350889 0.81149768 0.03144657],[ 0.23426941 -0.13112319 -0.9632884 ]
[-0.77688339  0.57033718 -0.26677273],[0.58307589 0.8115718  0.03706376],[ 0.23764407 -0.12675453 -0.96304651]
[-0.75201539  0.52403312 -0.39982764],[ 0.59785978  0.79770036 -0.07897989],[ 0.27755458 -0.29843496 -0.91318127]
[-0.82958673  0.55835271 -0.00530153],[ 0.55162253  0.81804091 -0.16285471],[-0.0865935  -0.13802655 -0.98663582]
[-0.76302782  0.59997604 -0.2404523 ],[0.57326745 0.80001322 0.17704032],[ 0.29858497 -0.00275678 -0.95437907]
[-0.71861997  0.58866373 -0.37021664],[0.59456045 0.79622028 0.11194253],[ 0.3606705  -0.13967204 -0.92217596]
[-0.75765159  0.60369227 -0.24803167],[0.61011492 0.79008843 0.05933007],[ 0.23178406 -0.1063763  -0.96693342]
[-0.84670829  0.5155257  -0.13159908],[ 0.51911232  0.74621138 -0.41676248],[-0.11665103 -0.42119095 -0.89943911]
[-0.81341062  0.51256639 -0.2750252 ],[ 0.58070943  0.74298334 -0.3327947 ],[ 0.03375977 -0.43040847 -0.90200268]
[-8.29549467e-01  5.58433182e-01 -2.52619399e-04],[ 0.54926953  0.81585512 -0.18078552],[-0.10075053 -0.15010929 -0.98352251]
[-0.75734376  0.60656906 -0.24187682],[0.60820622 0.79004675 0.07688511],[ 0.23773013 -0.08888253 -0.96725606]
[-0.75756166  0.60716642 -0.23968578],[0.60785479 0.79000662 0.08001312],[ 0.23793463 -0.08507928 -0.96754774]
[-0.83549566  0.51193802 -0.19966591],[ 0.54339286  0.71573109 -0.43869489],[-0.08167749 -0.47502471 -0.87617368]
[-0.74193691  0.62588783 -0.24040391],[0.59125634 0.77984401 0.2055706 ],[ 0.31614168  0.01038008 -0.9486552 ]
[-0.77717064  0.58030103 -0.24342659],[0.57717438 0.8114547  0.09171151],[ 0.25074994 -0.0692241  -0.96557366]
[-0.79936814  0.5946954  -0.08572023],[ 0.59894217  0.77735509 -0.19232095],[-0.04773733 -0.2050767  -0.97758104]
[-0.7277847   0.59176917 -0.34661028],[0.58356055 0.79985986 0.14029003],[ 0.36025896 -0.10016715 -0.9274589 ]
[-0.7097057   0.61933089 -0.3357783 ],[0.61162017 0.77819108 0.14261631],[ 0.34962637 -0.10415318 -0.93108191]
[-0.82109475  0.56805621 -0.05581714],[ 0.55092865  0.76314979 -0.33775734],[-0.14926832 -0.30808204 -0.93957673]
[-0.76175744  0.63646134 -0.12100652],[0.60415629 0.76530713 0.2220364 ],[ 0.23392473  0.09603103 -0.96750052]
[-0.73358267  0.64991792 -0.19865336],[0.61294192 0.75898414 0.21964806],[ 0.29352796  0.03936703 -0.95513956]
[-0.72421538  0.6614308  -0.19499069],[0.59973465 0.74371778 0.2953002 ],[ 0.3403387   0.09691828 -0.93529483]
[-0.72509364  0.66115517 -0.19264748],[0.59930957 0.74362828 0.2963866 ],[ 0.33921565  0.09945256 -0.93543676]
[-0.72736321  0.67518815 -0.12273436],[0.59890856 0.71186788 0.36681419],[ 0.33503925  0.19330048 -0.92216247]
[-0.7422683   0.6601235  -0.11521606],[0.62517806 0.74408744 0.23555523],[ 0.24122636  0.10281463 -0.96500725]
[-0.71380076  0.67372909 -0.19125272],[0.63295407 0.73747562 0.23558194],[ 0.29976262  0.04710438 -0.95285022]
[-0.71697464  0.68967641 -0.10145844],[0.63703697 0.7073249  0.30639091],[ 0.28307467  0.15504173 -0.94648338]
[-0.77999061  0.60757883 -0.14987532],[ 0.6004338   0.6591195  -0.45281424],[-0.17633459 -0.44318107 -0.87891789]
[-0.79766231  0.56979085 -0.19766947],[ 0.57626497  0.62337881 -0.52850501],[-0.17791436 -0.53547852 -0.82559629]
[-0.78421247  0.60559306 -0.13515856],[ 0.57881725  0.63549246 -0.51099895],[-0.22356518 -0.47896386 -0.84888882]
[-0.69753677  0.71060792 -0.09208062],[0.65682332 0.68545751 0.31421511],[ 0.2864011   0.1586959  -0.94487567]
[-0.698333    0.71010364 -0.08991024],[0.65646043 0.68545902 0.31496927],[ 0.28529061  0.16093092 -0.94483359]
[-0.75770105  0.6389478  -0.13279617],[ 0.61969849  0.64064762 -0.45337006],[-0.20460425 -0.42581256 -0.88137436]
[-0.76276382  0.63453965 -0.12470277],[ 0.59556605  0.61415438 -0.51779868],[-0.25197704 -0.46922684 -0.84636502]
[-0.65180746  0.744929   -0.14222452],[0.68362305 0.65832077 0.31507664],[ 0.32833909  0.10814134 -0.93834903]
[-0.66394571  0.74534639 -0.06028975],[0.71340269 0.6555248  0.24767688],[ 0.22412649  0.12143314 -0.966965  ]
[-0.70405903  0.70681229 -0.06868235],[ 0.62817199  0.57476327 -0.52444937],[-0.33121117 -0.41238764 -0.84866695]
[-0.70307292  0.708133   -0.06508549],[ 0.62755217  0.57480063 -0.52514998],[-0.33446485 -0.41006327 -0.84851716]
[-0.64133204  0.76521357 -0.0560482 ],[0.73428831 0.63331471 0.24440367],[ 0.22251715  0.11558836 -0.9680524 ]
[-0.63696963  0.76859597 -0.05941317],[0.71891123 0.62007563 0.31412236],[ 0.27827384  0.1573736  -0.94752162]
[-0.70408488  0.68038191 -0.20333455],[ 0.68001285  0.56351906 -0.46907227],[-0.20456539 -0.4685368  -0.85943369]
[-0.61216162  0.78228992 -0.11524158],[0.72357429 0.61296555 0.31735387],[ 0.31890185  0.11088601 -0.94127886]
[-0.67850515  0.73448328  0.01284794],[ 0.61183513  0.57471127 -0.54347469],[-0.40655692 -0.36088956 -0.83932723]
[-0.67797464  0.734947    0.01425817],[ 0.61077517  0.5740095  -0.54540516],[-0.40902821 -0.36106233 -0.83805126]
[-0.67174245  0.7307856  -0.12130332],[ 0.66508302  0.52284254 -0.53319813],[-0.32623098 -0.43884859 -0.83724862]
[-0.59647054  0.80189298 -0.0345042 ],[0.77386129 0.58596324 0.24038675],[ 0.21298264  0.11668215 -0.97006374]
[-0.59067029  0.80013884 -0.10433816],[0.74262489 0.58962425 0.31757129],[ 0.31562143  0.11009581 -0.94247654]
[-0.62398314  0.78051582 -0.03794852],[0.7538604  0.61403949 0.2337734 ],[ 0.20576573  0.11726277 -0.97155026]
[-0.64444012  0.75284553 -0.13386764],[ 0.70764969  0.5208578  -0.47742965],[-0.28970477 -0.40240621 -0.86841257]
[-0.56777617  0.81541704 -0.11280636],[0.77928206 0.5765797  0.24551034],[ 0.26523517  0.05148694 -0.96280808]
[-0.64792409  0.76066779 -0.03973514],[ 0.67645127  0.55064125 -0.48908883],[-0.35015431 -0.34377133 -0.87132843]
[-0.60229387  0.79793808 -0.02317135],[0.77359472 0.59058905 0.22968625],[ 0.19696016  0.12041339 -0.97298886]
[-0.60242593  0.79785203 -0.02269656],[0.77395247 0.59085991 0.22777652],[ 0.19514244  0.11965242 -0.97344888]
[-0.62666638  0.7774524  -0.05345104],[ 0.6885971   0.52031974 -0.50507565],[-0.36486064 -0.35332016 -0.86141835]
[-0.5500437   0.82612256 -0.12236606],[0.81304277 0.56319255 0.1475656 ],[ 0.19082292 -0.01832131 -0.98145348]
[-0.58124749  0.81069939  0.07012743],[0.80995    0.56810359 0.14573716],[ 0.07830938  0.14150907 -0.98683475]
[-0.58135608  0.81061905  0.070156  ],[0.80999497 0.56842695 0.14421837],[ 0.0770276   0.14066823 -0.98705582]
[-0.61765913  0.77317189 -0.1438834 ],[ 0.74000215  0.50943265 -0.43917557],[-0.26625931 -0.37773483 -0.88680459]
[-0.5644227   0.82548388 -0.00183735],[0.82547627 0.56442547 0.00358079],[ 3.99293335e-03  5.04389653e-04 -9.99991901e-01]
[-0.55709661  0.82759248  0.06880442],[0.82638012 0.54427165 0.1444447 ],[ 0.08209306  0.13732826 -0.98711787]
[-0.55906891  0.82874024 -0.02513109],[0.82092596 0.55753973 0.12340995],[ 0.11628637  0.0483639  -0.99203751]
[-0.5320765   0.83958248 -0.10952561],[0.82957653 0.54281918 0.13095846],[ 0.16940303 -0.02117995 -0.98531925]
[-0.53224186  0.83961095 -0.10849913],[0.8298259  0.54277868 0.12953872],[ 0.16765314 -0.02108945 -0.98562044]
[-0.53240409  0.83963887 -0.10748233],[0.83006795 0.54273925 0.12814564],[ 0.16593094 -0.02099237 -0.98591391]
[-0.53651054  0.843843   -0.00924273],[0.83699781 0.53349187 0.12174191],[ 0.10766198  0.05757967 -0.99251876]
[-0.50695577  0.85554911 -0.10503123],[0.84481231 0.51735345 0.1365195 ],[ 0.17113741 -0.01952233 -0.98505374]
[-0.51424865  0.85763992 -0.00144325],[0.85763382 0.51425049 0.00326479],[ 3.54221073e-03  4.41132291e-04 -9.99993629e-01]
[-0.5489741   0.83569511 -0.0155284 ],[ 0.76822893  0.4971611  -0.40330529],[-0.32932014 -0.23333353 -0.91493372]
[-0.54932786  0.83542634 -0.01737062],[ 0.76659404  0.49557744 -0.40833391],[-0.33252441 -0.2376254  -0.91266735]
[-0.51941138  0.8172802  -0.24952932],[ 0.84792468  0.45671459 -0.26913846],[-0.10599786 -0.35137565 -0.93021482]
[-0.52110839  0.81590847 -0.25047835],[ 0.84946651  0.46734906 -0.24493163],[-0.08278097 -0.3404089  -0.93662644]
[-0.50391194  0.8313455  -0.23438731],[ 0.85406037  0.43901848 -0.27900478],[-0.12904901 -0.34077475 -0.9312459 ]
[-0.50515788  0.85990328  0.07336115],[ 0.85220926  0.5104372  -0.11486184],[-0.13621633  0.00449569 -0.99066891]
[-0.47118648  0.86279683  0.18320736],[ 0.84064613  0.50216245 -0.20284712],[-0.26701571  0.05843374 -0.96191897]
[-0.49232423  0.86659659  0.08140766],[ 0.80663833  0.48939318 -0.33140446],[-0.32703433 -0.09749191 -0.93997014]
[-0.47808121  0.87774097 -0.03176691],[ 0.78964296  0.41369747 -0.45312073],[-0.38458074 -0.24171302 -0.89088297]
[-0.47084116  0.86337719  0.18135165],[ 0.8381801   0.50191998 -0.21337865],[-0.27525027  0.05153789 -0.95999017]
[-0.45484325  0.82930846 -0.3245999 ],[ 0.88896297  0.40089246 -0.22142736],[-0.05350193 -0.38927203 -0.91956774]
[-0.44274977  0.87692766 -0.18700404],[ 0.88806611  0.40008889 -0.22642319],[-0.12373852 -0.26632077 -0.95590901]
[-0.43835593  0.89765336  0.04541502],[ 0.81287785  0.4175031  -0.40610437],[-0.38350187 -0.1411014  -0.91269749]
[-0.4485135   0.89168415  0.06111482],[ 0.86974252  0.45118176 -0.19995739],[-0.20587273 -0.03652944 -0.97789673]
[-0.43702164  0.8980229   0.0506652 ],[ 0.80820113  0.4167833  -0.41605603],[-0.39474424 -0.14087782 -0.90792644]
[-0.42777648  0.89168362 -0.14801218],[ 0.87595316  0.36856854 -0.31122869],[-0.22296489 -0.26278805 -0.93873804]
[-0.42790256  0.89260816 -0.14195092],[ 0.8744513   0.36914391 -0.31475022],[-0.2285483  -0.2588116  -0.93849999]
[-0.42826518  0.89281749 -0.13952012],[ 0.87294628  0.36884494 -0.3192463 ],[-0.23356739 -0.25851564 -0.93734515]
[-0.37388315  0.88494337 -0.27764477],[ 0.92429276  0.33073329 -0.19052134],[-0.07677423 -0.32785777 -0.94160236]
[-0.41212616  0.87540268 -0.2526305 ],[ 0.87489224  0.30280368 -0.37798611],[-0.25439261 -0.37680243 -0.89067634]
[-0.39449898  0.90806779 -0.14065364],[ 0.88629493  0.33560776 -0.31913748],[-0.24259401 -0.25056002 -0.93721279]
[-0.33231251  0.89752959 -0.28984313],[ 0.94298899  0.32218082 -0.08349421],[ 0.01844337 -0.30106505 -0.95342524]
[-0.36239204  0.86798192 -0.3395282 ],[ 0.91980926  0.27427797 -0.28057532],[-0.1504092  -0.41397944 -0.89777396]
[-0.37880527  0.88554301 -0.26892406],[ 0.88752886  0.26524308 -0.37674743],[-0.26229581 -0.38139178 -0.88642045]
[-0.35974374  0.91852123 -0.1640219 ],[ 0.90163451  0.29698479 -0.31441252],[-0.24008257 -0.26099574 -0.93500887]
[-0.36036416  0.91701162 -0.17096013],[ 0.90146051  0.29523809 -0.31654924],[-0.23980538 -0.26818681 -0.93304299]
[-0.36098415  0.91545111 -0.17787556],[ 0.90129934  0.29349412 -0.31862313],[-0.23947847 -0.27533702 -0.93104221]
[-0.37877356  0.87486472 -0.30189787],[ 0.89301216  0.25983254 -0.36744568],[-0.24302237 -0.40877717 -0.87968253]
[-0.36372494  0.8722671  -0.32688573],[ 0.92791999  0.30851844 -0.20923875],[-0.0816618  -0.37942915 -0.92160993]
[-0.39851227  0.89518882 -0.1995619 ],[ 0.88780338  0.32190031 -0.32891542],[-0.23020237 -0.30824856 -0.92303288]
[-0.39905288  0.89340683 -0.20635171],[ 0.88780428  0.32019801 -0.33057041],[-0.22926046 -0.31511501 -0.92094635]
[-0.36500788  0.86735825 -0.33831778],[ 0.92705556  0.30517859 -0.21779351],[-0.08565765 -0.39313572 -0.91548188]
[-0.40991898  0.89918618  0.15307071],[ 0.87161045  0.43561574 -0.22479801],[-0.26881528  0.04126906 -0.96230723]
[-0.39331354  0.84958067 -0.35145005],[ 0.91464101  0.32269959 -0.24350933],[-0.09346804 -0.41722615 -0.90398344]
[-0.38417215  0.86082959 -0.33374269],[ 0.92319301  0.36256972 -0.12750632],[ 0.01124378 -0.35709329 -0.93400105]
[-0.38443646  0.85952585 -0.33678467],[ 0.92310075  0.36174427 -0.13048406],[ 0.0096755  -0.36104902 -0.93249665]
[-0.43157578  0.88026245 -0.19718105],[ 0.9020617   0.41987237 -0.09995938],[-0.00519962 -0.22100952 -0.97525779]
[-0.41951278  0.83881128 -0.34699375],[ 0.90766342  0.39287857 -0.14762637],[ 0.01249574 -0.37688468 -0.9261759 ]
[-0.50963796  0.8534871  -0.10876081],[ 0.7862321   0.41063654 -0.46175396],[-0.34943989 -0.32083859 -0.88031492]
[-0.4469271   0.86814808 -0.21581261],[0.88168502 0.46827808 0.05785473],[ 0.15128679 -0.16442189 -0.97471932]
[-0.51189124  0.85786809  0.0450521 ],[ 0.76745263  0.4802446  -0.42471354],[-0.38598422 -0.18283178 -0.90420613]
[-0.46651607  0.79792581 -0.38167678],[ 0.88395411  0.43591552 -0.1691236 ],[ 0.03143075 -0.41628364 -0.90869139]
[-0.49251515  0.82524282 -0.27641113],[ 0.86992065  0.45738479 -0.1844918 ],[-0.02582429 -0.33132076 -0.94316471]
[-0.51700581  0.8474864  -0.12029878],[ 0.85296435  0.49827989 -0.1554637 ],[-0.07181091 -0.18298621 -0.98048929]
[-0.54136831  0.78311439 -0.30602648],[ 0.84066728  0.49805894 -0.2126401 ],[-0.01410229 -0.37238306 -0.92797197]
[-0.48756311  0.80054339 -0.34844295],[ 0.86236774  0.50391042 -0.04895072],[ 0.13639686 -0.32435252 -0.93605093]
[-0.5959692   0.80262233 -0.02486174],[ 0.67902792  0.48718654 -0.54915423],[-0.42865114 -0.34416082 -0.83535114]
[-0.54657155  0.79110627 -0.27460954],[ 8.22735907e-01  5.68423809e-01 -1.46189818e-06],[ 0.15609344 -0.22593193 -0.96155582]
[-0.55777639  0.82062407 -0.12434484],[0.81883456 0.56854978 0.07912717],[ 0.13562989 -0.05768258 -0.98907899]
[-0.63306248  0.77187952 -0.05859956],[ 0.65104776  0.48994954 -0.57972948],[-0.41877048 -0.40515609 -0.8126991 ]
[-0.57153048  0.7704637  -0.28238023],[ 0.80559261  0.59229366 -0.01444851],[ 0.15611997 -0.2357412  -0.95919375]
[-0.57120164  0.76797705 -0.28972391],[ 0.80585482  0.59177    -0.0201565 ],[ 0.15597018 -0.24498883 -0.956898  ]
[-0.57285851  0.70539331 -0.4174367 ],[ 0.8171434   0.53132367 -0.22354379],[ 0.06410771 -0.46916461 -0.88078078]
[-0.51792709  0.79257446 -0.3218342 ],[0.80558541 0.5784587  0.12813147],[ 0.28772153 -0.19290217 -0.93808586]
[-0.63804723  0.76999667  0.00092868],[ 0.69600041  0.57724628 -0.4270482 ],[-0.32936176 -0.27183056 -0.90422839]
[-0.63850533  0.76961616 -0.00138307],[ 0.6997112   0.57975906 -0.41747295],[-0.32049209 -0.26752645 -0.9086883 ]
[-0.65436955  0.74470501 -0.13120572],[ 0.75121021  0.62036245 -0.2254632 ],[-0.08650847 -0.24609933 -0.9653763 ]
[-0.49881192  0.70127384 -0.50931491],[0.80713149 0.5899677  0.02183737],[ 0.31579332 -0.40019136 -0.86030312]
[-0.49914888  0.64523349 -0.57838062],[ 0.79332343  0.60877551 -0.00550529],[ 0.34855176 -0.46159086 -0.81574846]
[-0.51509963  0.67554742 -0.5275491 ],[0.787236   0.61630932 0.02055012],[ 0.339016   -0.40472028 -0.84927595]
[-0.50503013  0.62106213 -0.59935498],[0.77174373 0.63587528 0.0086163 ],[ 0.38646627 -0.45819696 -0.80043698]
[-0.6901127   0.70525436  0.16235991],[ 0.67344051  0.70796247 -0.21276048],[-0.26499498 -0.03748897 -0.96352075]
[-0.50577939  0.56081535 -0.65549474],[ 0.76955956  0.63668711 -0.04906746],[ 0.38982727 -0.52925955 -0.75360403]
[-0.52796715  0.59099309 -0.60989987],[ 0.76353692  0.64474854 -0.03620346],[ 0.37183606 -0.48479531 -0.79165109]
[-0.63097965  0.63417801 -0.44685896],[ 0.73159032  0.67806608 -0.0707248 ],[ 0.25814779 -0.3715436  -0.89180439]
[-0.45445937  0.49631968 -0.7396847 ],[0.6553216  0.74873279 0.09976383],[ 0.60334094 -0.43939275 -0.66551764]
[-0.50203291  0.47270386 -0.72423341],[0.6750275  0.73766815 0.01354889],[ 0.54064853 -0.48207548 -0.68942179]
[-0.4775238   0.47155494 -0.74135481],[0.6437196  0.76204574 0.07008115],[ 0.59799339 -0.4437592  -0.66744413]
[-0.49308849  0.45079729 -0.74407361],[0.61565106 0.78510769 0.06767337],[ 0.61468489 -0.42472074 -0.6646614 ]
[-0.52178605  0.42894295 -0.7373922 ],[0.60913522 0.79249993 0.02996912],[ 0.59723831 -0.43353409 -0.67479967]
[-0.49751904  0.42649675 -0.75536437],[0.57302779 0.81532916 0.08293084],[ 0.65124032 -0.3915851  -0.65003627]
[-0.5684619   0.40382047 -0.71678456],[0.53299532 0.84445394 0.0530428 ],[ 0.62671131 -0.35189    -0.69527431]
[-0.54308134  0.38164877 -0.74793508],[0.53809357 0.84198578 0.03892618],[ 0.64460683 -0.38131897 -0.66262951]
[-0.83055883  0.46049558  0.3132345 ],[ 0.43740438  0.88750635 -0.14494789],[-0.34474547  0.0166224  -0.93854902]
[-0.47185747  0.33118545 -0.81710876],[0.50382963 0.86182909 0.05836369],[ 0.7235373  -0.38414426 -0.57352154]
[-0.50453846  0.33060482 -0.79758473],[0.46020533 0.88459197 0.07555195],[ 0.73051489 -0.32893388 -0.59845677]
[-0.53558427  0.30705621 -0.78668035],[0.45484015 0.88977754 0.03763472],[ 0.71152648 -0.33765724 -0.61621235]
[-0.53557176  0.30986505 -0.78558675],[0.44891881 0.89239067 0.04594329],[ 0.71528651 -0.32805874 -0.6170435 ]
[-0.51330945  0.29419722 -0.80620184],[0.4536819  0.89043322 0.03607504],[ 0.72848208 -0.34724153 -0.59053974]
[-0.5954059   0.31720163 -0.73815645],[0.43867288 0.89807394 0.03208276],[ 0.67309577 -0.30470695 -0.67386628]
[-0.53769749  0.31852567 -0.78065537],[0.43215613 0.89913902 0.06921056],[ 0.72396304 -0.30015067 -0.62111761]
[-0.62783862  0.34465052 -0.6978787 ],[0.4185154  0.90545746 0.07065161],[ 0.65624959 -0.24771517 -0.71272271]
[-0.58401284  0.33123454 -0.74108885],[0.39421501 0.91380277 0.09777021],[ 0.70959392 -0.23504929 -0.66425018]
[-0.84713473  0.4222933   0.32253854],[ 0.41775961  0.90439447 -0.08687661],[-0.32838949  0.06114738 -0.94256106]
[-0.58932403  0.33821691 -0.73369375],[0.38246606 0.91673627 0.11538775],[ 0.71162975 -0.21261218 -0.6696112 ]
[-0.84445372  0.42398184  0.32731838],[ 0.42256448  0.90285641 -0.07930679],[-0.32914613  0.07134221 -0.94158012]
[-0.61155885  0.3414779  -0.71371466],[0.40200408 0.91106117 0.09143444],[ 0.68146055 -0.23099867 -0.69444303]
[-0.86989619  0.39676043  0.29302181],[ 0.38613911  0.91744106 -0.09590879],[-0.30688306  0.02971649 -0.9512832 ]
[-0.66971213  0.43002524 -0.60544526],[0.34817283 0.90194369 0.25548632],[ 0.65594309 -0.03969731 -0.75376573]
[-0.70571645  0.42850534 -0.56422288],[0.30056812 0.90222774 0.30926349],[ 0.6415786   0.04866493 -0.765512  ]
[-0.85752593  0.42269353  0.29322252],[ 0.38862498  0.90573945 -0.16913507],[-0.33707551 -0.03108411 -0.94096434]
[-0.71232188  0.43161434 -0.55344973],[0.2933418  0.89946294 0.32390894],[ 0.63761127  0.06837749 -0.76731766]
[-0.66067633  0.43382962 -0.61261624],[0.29883915 0.90063748 0.31551116],[ 0.68862323  0.02537704 -0.72467513]
[-0.8800162   0.43811051  0.18338666],[ 0.39505657  0.88955572 -0.22939252],[-0.26363193 -0.12942103 -0.95590188]
[-0.65385817  0.46211474 -0.59909887],[0.31686951 0.88627692 0.33779718],[ 0.68706856  0.03103528 -0.72592948]
[-0.87726736  0.44063951  0.1903649 ],[ 0.39792589  0.88941149 -0.22494929],[-0.26843428 -0.12158954 -0.95559354]
[-0.67690047  0.48894964 -0.55021269],[0.30718099 0.8669391  0.39250024],[ 0.66891374  0.09666872 -0.73702752]
[-0.87936544  0.44592283  0.16694084],[ 0.39254013  0.87738015 -0.27589185],[-0.26949705 -0.17707878 -0.9465804 ]
[-0.73406984  0.49588173 -0.46394265],[0.30667663 0.85164238 0.42503493],[ 0.60588028  0.16972495 -0.77724032]
[-0.86064729  0.45005104  0.23820224],[ 0.42162269  0.89214277 -0.1622208 ],[-0.28551805 -0.03918342 -0.95757198]
[-0.7081428   0.51237983 -0.48579902],[0.29297165 0.83923601 0.45809446],[ 0.64241839  0.18207096 -0.7444117 ]
[-0.75489332  0.51466838 -0.40651265],[0.29397395 0.81960539 0.49175839],[ 0.58627246  0.25172099 -0.77001373]
[-0.85281564  0.46130285  0.24475533],[ 0.4367215   0.88699211 -0.15006439],[-0.28632118 -0.02108735 -0.95790162]
[-0.85820062  0.46798363  0.21090999],[ 0.42969748  0.87972962 -0.20355804],[-0.28080559 -0.08406614 -0.95607589]
[-0.87361209  0.44626032  0.19404547],[ 0.43361601  0.89486481 -0.10580234],[-0.22085984 -0.00828898 -0.97527033]
[-0.82439948  0.41637768 -0.38339944],[0.34916984 0.90724675 0.23448615],[ 0.4454727   0.05943874 -0.89332027]
[-0.7470913   0.47243325 -0.46761247],[0.2792692  0.8614535  0.42415397],[ 0.60321083  0.18629198 -0.77552047]
[-0.81234218  0.41437708 -0.41035573],[0.30682217 0.90207143 0.30352477],[ 0.49594388  0.12065974 -0.85993075]
[-0.86851494  0.44848613  0.21104972],[ 0.438091    0.89374709 -0.09639715],[-0.23185786  0.00873662 -0.97271044]
[-0.88335642  0.42152786  0.20492854],[0.43827162 0.89784309 0.0423766 ],[-0.16613075  0.127248   -0.97785915]
[-0.787436    0.37541064 -0.48888792],[0.3169735  0.92685217 0.20117866],[ 0.52865144  0.00345081 -0.84883199]
[-0.83190821  0.39179531 -0.39296968],[0.34905495 0.91998477 0.17829375],[ 0.43138077  0.01115602 -0.90210098]
[-0.83841687  0.42062075  0.34660546],[0.45829703 0.88827093 0.0306365 ],[-0.29499321  0.18453441 -0.93751057]
[-0.85091447  0.43604079  0.29293855],[ 0.45158561  0.89208208 -0.01612438],[-0.26835612  0.11856637 -0.9559953 ]
[-0.83129536  0.43543071 -0.34546798],[0.34298487 0.89094194 0.29763036],[ 0.43738931  0.12892845 -0.88998205]
[-0.78384935  0.38272278 -0.48898208],[0.3771384  0.91902076 0.11474959],[ 0.49330196 -0.09446753 -0.86471328]
[-0.77781652  0.37989821 -0.50067835],[0.34442956 0.92401401 0.16603128],[ 0.5257088  -0.04330656 -0.84956153]
[-0.78940912  0.42845794 -0.43961009],[0.37838193 0.90353016 0.20114761],[ 0.48338427 -0.00755276 -0.8753757 ]
[-0.79327449  0.4284908  -0.43256355],[0.38034065 0.90351206 0.19750178],[ 0.47545408 -0.00784837 -0.87970553]
[-0.79700507  0.42852624 -0.42561506],[0.38225619 0.90349225 0.19386066],[ 0.46761428 -0.00818606 -0.88389472]
[-0.79329304  0.42554555  0.43542754],[0.5260611  0.83911967 0.13833981],[-0.30650592  0.3388055  -0.88953075]
[-0.80407179  0.42860891 -0.412023  ],[0.38595736 0.90344554 0.18660943],[ 0.4522228  -0.00897593 -0.89185984]
[-0.8308277   0.41249598 -0.3735939 ],[0.42649901 0.90317393 0.04873856],[ 0.35752473 -0.11884408 -0.92631105]
[-0.77060764  0.41363347  0.48484144],[0.50593581 0.85966663 0.07072645],[-0.38754718  0.29980099 -0.87173766]
[-0.85487238  0.43531425 -0.28230254],[0.43880293 0.89694085 0.05430568],[ 0.27684871 -0.07745076 -0.95778712]
[-0.81808924  0.40657782 -0.40672408],[0.43318002 0.90083407 0.02920712],[ 0.37826587 -0.15229071 -0.91308404]
[-0.79247251  0.37906864  0.47780152],[0.51778502 0.83213929 0.19860231],[-0.32231351  0.40478534 -0.85572357]
[-0.82532481  0.43776487 -0.35665231],[0.43135615 0.89639052 0.10205836],[ 0.36437732 -0.06961287 -0.92864591]
[-0.84597979  0.45562131 -0.27699714],[0.44323396 0.88966888 0.10969476],[ 0.296415   -0.02997499 -0.95458873]
[-0.84236582  0.42961493 -0.32534726],[0.44836947 0.8936431  0.01915277],[ 0.29897265 -0.12974215 -0.94540062]
[-0.84363601  0.4306933  -0.32059563],[0.450289   0.89276615 0.01443683],[ 0.29243477 -0.13218126 -0.94710613]
[-0.86096578  0.48454142 -0.15478224],[0.48734125 0.8729369  0.02190135],[ 0.14572724 -0.05657545 -0.98770582]
[-0.84767247  0.4652649  -0.25491166],[ 0.50670249  0.85238617 -0.12919137],[ 0.15717496 -0.23867634 -0.95829517]
[-0.8465336   0.43415999 -0.30803567],[ 4.56484641e-01  8.89731169e-01 -4.67192556e-04],[ 0.2738661  -0.14100905 -0.95137469]
[-8.75459684e-01  4.83290962e-01  4.32070572e-04],[0.48270926 0.8743614  0.04983882],[ 0.02370887  0.04384044 -0.99875718]
[-0.87572618  0.48267904  0.01116258],[0.48239763 0.87379462 0.06144498],[ 0.0199044   0.05919378 -0.99804805]
[-0.84043146  0.49025122 -0.23093009],[ 0.51794668  0.85201135 -0.07620954],[ 0.15939323 -0.18365837 -0.96998113]
[-0.85464261  0.49169609 -0.1667962 ],[ 0.51673531  0.83684461 -0.18076425],[ 0.05070143 -0.24067832 -0.96927979]
[-0.84877645  0.50993749 -0.13979376],[ 0.52412783  0.84630481 -0.09517451],[ 0.06977508 -0.15405168 -0.98559602]
[-0.78034793  0.39309666  0.48634568],[0.57952909 0.74679735 0.32625105],[-0.23495347  0.5364408  -0.81057272]
[-0.83813606  0.5377169  -0.09158862],[ 0.54369201  0.81004367 -0.21960932],[-0.04389686 -0.2338585  -0.97127919]
[-0.82762573  0.54573311 -0.13119083],[ 0.55926403  0.78201568 -0.27509128],[-0.04753313 -0.30104293 -0.9524252 ]
[-0.80657602  0.57663631 -0.13009878],[ 0.58833284  0.76168948 -0.27146566],[-0.05744208 -0.29549907 -0.95361455]
[-0.79884758  0.59580473 -0.08282068],[ 0.59810893  0.77206451 -0.21490021],[-0.06409566 -0.2212083  -0.973118  ]
[-0.79822529  0.59726595 -0.078165  ],[ 0.59817705  0.77071683 -0.21949895],[-0.07085616 -0.22196612 -0.97247645]
[-0.79147795  0.61009626 -0.03667706],[ 0.60839587  0.7806905  -0.14274737],[-0.05845621 -0.13529556 -0.98907936]
[-0.76002024  0.52800208  0.37892353],[0.60908632 0.78205365 0.13193158],[-0.22667838  0.33106781 -0.91597545]
[-0.7697889   0.62709491 -0.11906733],[ 0.63796593  0.76190452 -0.11180775],[ 0.02060387 -0.16202927 -0.98657083]
[-0.74370825  0.55967378  0.36559992],[0.65612599 0.71586108 0.23883383],[-0.12804972  0.4175023  -0.8996083 ]
[-0.71497129  0.69841319 -0.03217248],[ 0.65035104  0.64746918 -0.39727469],[-0.2566312  -0.30496341 -0.91713562]
[-0.68725571  0.67730244  0.26256618],[ 0.62606182  0.73558148 -0.25877882],[-0.36841035 -0.01346456 -0.92956577]
[-0.63126784  0.6559928   0.41373223],[ 0.6238081   0.74643886 -0.23171636],[-0.46083009  0.11181443 -0.88041647]
[-0.62965031  0.65840077  0.41236987],[ 0.61740451  0.74626716 -0.24879106],[-0.47154232  0.09794765 -0.87638695]
[-0.64457223  0.73578275 -0.20772672],[ 0.76454298  0.62061428 -0.17410323],[ 8.16015550e-04 -2.71038117e-01 -9.62568269e-01]
[-0.62359046  0.70118909  0.34564258],[ 0.74561131  0.66634845 -0.00659687],[-0.23494405  0.25360127 -0.93834305]
[-0.59351336  0.79631506  0.11672284],[ 0.73915077  0.59670101 -0.31241646],[-0.31843057 -0.09914757 -0.94274691]
[-0.54894122  0.77066407  0.32363627],[ 0.73272634  0.62998879 -0.25734458],[-0.40221344  0.09586977 -0.91051268]
[-0.54338397  0.6992033   0.46459509],[ 0.78295025  0.62176248 -0.02000831],[-0.30285767  0.35288265 -0.88529716]
[-0.54367096  0.83100774  0.1176776 ],[ 0.75929561  0.54673153 -0.35292324],[-0.35762    -0.10252203 -0.92822259]
[-0.44248991  0.80199958  0.40124725],[ 0.68786655  0.5906105  -0.42192279],[-0.57536274  0.08930799 -0.81300787]
[-0.46368773  0.83712064  0.29021153],[ 0.70241187  0.54696903 -0.4554585 ],[-0.54001043 -0.0073425  -0.8416263 ]
[-0.46296444  0.81570326  0.34683155],[ 0.71540123  0.57488899 -0.39711929],[-0.52332114  0.06427161 -0.84970827]
[-0.46519564  0.81889883  0.33615133],[ 0.70789467  0.57214797 -0.41416403],[-0.53148674  0.04529243 -0.84585486]
[-0.49637483  0.85829345 -0.13017061],[0.86281545 0.50430352 0.03503503],[ 0.09571583 -0.09492271 -0.99087242]
[-0.39623948  0.85153325  0.34334443],[ 0.73696722  0.51800919 -0.43421861],[-0.54760716  0.08097903 -0.83280778]
[-0.37189498  0.86416674  0.33898373],[ 0.65640469  0.50302654 -0.5622252 ],[-0.65637414  0.01342179 -0.75431615]
[-0.40671086  0.83867139  0.36223829],[ 0.77202728  0.52752207 -0.35453399],[-0.48842621  0.13546502 -0.86202614]
[-0.39830335  0.87935941  0.26092428],[ 0.67738149  0.473794   -0.56273756],[-0.61847293 -0.04739498 -0.78437552]
[-0.37309534  0.8888032   0.26613669],[ 0.73789727  0.45814529 -0.49559107],[-0.5624122   0.01147882 -0.82677733]
[-0.36525492  0.87550241  0.31636114],[ 0.74782547  0.478344   -0.46037385],[-0.55438787  0.06842911 -0.8294405 ]
[-0.40645674  0.90434251  0.13022114],[ 0.79229989  0.41984694 -0.44270693],[-0.45503164 -0.07676702 -0.88716009]
[-0.4441986   0.89440611 -0.05220463],[ 0.7802069   0.35752365 -0.51327774],[-0.44041435 -0.26872767 -0.85663332]
[-0.43611402  0.89323534  0.10924827],[ 0.8876835   0.44694481 -0.11071739],[-0.14772463  0.04869249 -0.98782917]
[-0.42763892  0.87686325  0.21962651],[ 0.84700588  0.47356382 -0.24149193],[-0.31576257  0.0827536  -0.94522264]
[-0.41461048  0.90855058  0.05132247],[ 0.79379411  0.38866695 -0.46779153],[-0.44495961 -0.1532118  -0.88234749]
[-4.47174369e-01  8.94446791e-01 -1.48790996e-04],[0.89444352 0.44717317 0.00263651],[ 0.00242475  0.00104589 -0.99999651]
[-0.45132275  0.89019872 -0.06208067],[ 0.72468498  0.32503564 -0.60760474],[-0.52071053 -0.31921478 -0.79180962]
[-0.4576864   0.88910318 -0.00432345],[ 0.6953551   0.35491132 -0.62491539],[-0.55407982 -0.2890216  -0.78068051]
[-0.46403909  0.88543353 -0.02598459],[ 0.70562103  0.35175102 -0.61511802],[-0.53550601 -0.30377408 -0.78800674]
[-0.42005181  0.89176737 -0.16824812],[0.89566456 0.43723115 0.08132606],[ 0.14608725 -0.11653272 -0.98238416]
[-0.41930486  0.89134747 -0.17228793],[0.89582316 0.43701561 0.08073551],[ 0.14725591 -0.12048672 -0.98173247]
[-0.44231035  0.87693365 -0.18801312],[0.8836023  0.46200269 0.07616096],[ 0.15365067 -0.13244204 -0.97920916]
[-0.480815    0.87637757 -0.0279158 ],[ 0.75431256  0.39719445 -0.52273237],[-0.44702293 -0.2723948  -0.85203966]
[-0.50139627  0.85670942 -0.12104031],[0.86098101 0.507862   0.02806914],[ 0.08551887 -0.09013965 -0.99225066]
[-0.50508911  0.86239803  0.03397998],[ 0.63183321  0.39629877 -0.66613368],[-0.58793859 -0.31498718 -0.74505791]
[-0.44616308  0.86503899 -0.22944725],[0.85210007 0.48898439 0.18660049],[ 0.27361283 -0.11225777 -0.95526657]
[-0.55751729  0.82049711  0.12632878],[ 0.70931255  0.54987374 -0.44103806],[-0.43133533 -0.15627975 -0.88855302]
[-0.5150137   0.82474119 -0.23358693],[ 0.85631189  0.5072945  -0.09686195],[ 0.03861132 -0.2499085  -0.96749931]
[-0.54798664  0.83648165  0.00301534],[ 0.69243018  0.45563378 -0.55940889],[-0.46930916 -0.30446068 -0.82888636]
[-0.47875195  0.8004362  -0.36069163],[0.83660411 0.5405191  0.08906556],[ 0.26625201 -0.25911578 -0.92842279]
[-0.57457954  0.81466117  0.07864811],[ 0.64762218  0.51130644 -0.56493472],[-0.50044366 -0.27366567 -0.82137887]
[-0.58025544  0.81431734 -0.01381654],[ 0.75019331  0.52780506 -0.39828608],[-0.31703882 -0.24147275 -0.91715718]
[-0.58282745  0.80819582  0.08444928],[ 0.70051767  0.55238716 -0.45182232],[-0.41180961 -0.20417624 -0.88810186]
[-0.54806044  0.7925919  -0.26725988],[0.80252098 0.58833816 0.09908728],[ 0.23577496 -0.16017584 -0.95851649]
[-0.58853951  0.74755457 -0.30786916],[ 0.80846514  0.54528596 -0.22146636],[ 0.00231854 -0.37924318 -0.92529413]
[-0.65488128  0.75560587  0.01379422],[ 0.7035103   0.61619437 -0.35408721],[-0.27605029 -0.22218071 -0.93511067]
[-0.65031256  0.73631584  0.18690254],[ 0.60951753  0.65258455 -0.45013529],[-0.45341145 -0.17880826 -0.87318134]
[-0.62435636  0.74298841 -0.24113764],[0.7191795  0.66724851 0.19380472],[ 0.30489339 -0.05241804 -0.95094289]
[-0.61846917  0.72898074 -0.29339899],[0.73074002 0.67084641 0.1264283 ],[ 0.28898945 -0.13620638 -0.94759322]
[-0.66044936  0.71706151 -0.22277666],[0.7261869  0.68542519 0.05333749],[ 0.190943   -0.12655078 -0.9734093 ]
[-0.75023743  0.66010813  0.03743064],[ 0.58984718  0.69381133 -0.413166  ],[-0.29870404 -0.28789424 -0.90988615]
[-0.74887296  0.66129525  0.04333443],[ 0.59142527  0.69638895 -0.40652009],[-0.29900742 -0.27880283 -0.91261358]
[-0.72119748  0.64305202  0.25760102],[ 0.57672155  0.76336655 -0.2909704 ],[-0.38375311 -0.06128306 -0.92139999]
[-0.73239833  0.63799542 -0.23781197],[0.64277483 0.76306976 0.06756518],[ 0.2245734  -0.10337492 -0.96895842]
[-0.71842744  0.64316521  0.26495381],[ 0.57956382  0.7640945  -0.28331146],[-0.38466582 -0.04998109 -0.92170174]
[-0.75563265  0.62385994  0.19954468],[ 0.5436639   0.76729181 -0.3401365 ],[-0.36530653 -0.14853301 -0.91896087]
[-0.73889089  0.61259388  0.28065812],[ 0.55038313  0.78897947 -0.27311133],[-0.38873983 -0.04732998 -0.92013109]
[-0.75391586  0.62431257  0.20455974],[ 0.54555469  0.76841682 -0.33452305],[-0.36603409 -0.14060371 -0.91991828]
[-0.73210215  0.63830615 -0.23789011],[0.63863653 0.7646517  0.08632014],[ 0.23700175 -0.08873015 -0.96744877]
[-0.78442536  0.61834001 -0.04829581],[ 0.61976088  0.77845449 -0.09952419],[-0.0239437  -0.10800115 -0.99386239]
[-0.78600523  0.60468589 -0.12864975],[ 0.61717746  0.75542253 -0.22006541],[-0.03588553 -0.25237229 -0.96696456]
[-0.7368139   0.61264884  0.28594874],[ 0.55363512  0.78949372 -0.26492986],[-0.3880637  -0.03689274 -0.92089385]
[-0.75836757  0.65001236 -0.04860619],[ 0.6513149   0.75270615 -0.09603303],[-0.02583648 -0.10448627 -0.99419067]
[-0.75620056  0.60654225 -0.2454938 ],[0.60575578 0.79078391 0.08786778],[ 0.24742807 -0.08226362 -0.96540771]
[-0.73378977  0.63779577 -0.23402806],[0.63294458 0.76696007 0.10560969],[ 0.24684759 -0.07063148 -0.96647683]
[-0.73676184  0.66492858  0.1226865 ],[ 0.61955024  0.73655351 -0.27137876],[-0.27081266 -0.12393106 -0.95462118]
[-0.69650053  0.64371187 -0.3170521 ],[0.67493777 0.73772031 0.01509154],[ 0.24361038 -0.20347917 -0.94828804]
[-0.67270482  0.631799   -0.38509512],[0.64698819 0.75479239 0.10814214],[ 0.35899096 -0.17640426 -0.91651897]
[-0.75903021  0.65104531 -0.00362616],[0.65102024 0.75903532 0.00616704],[ 0.0067674   0.00232027 -0.99997441]
[-0.75903021  0.65104531 -0.00362616],[0.65102024 0.75903532 0.00616704],[ 0.0067674   0.00232027 -0.99997441]
[-0.76951427  0.63489247 -0.06898798],[ 0.61245057  0.70303923 -0.36144176],[-0.1809754  -0.32038632 -0.92983897]
[-0.75070545  0.65960215 -0.03696377],[0.64199547 0.74157738 0.19469155],[ 0.15583046  0.12242544 -0.98016778]
[-0.75902683  0.65104893 -0.00368255],[0.65102434 0.75903254 0.00607575],[ 0.00675079  0.00221423 -0.99997476]
[-0.75902683  0.65104893 -0.00368255],[0.65102434 0.75903254 0.00607575],[ 0.00675079  0.00221423 -0.99997476]
[-0.76033531  0.62370735 -0.18132668],[ 0.63717275  0.66201847 -0.39464217],[-0.12609961 -0.41559679 -0.90076534]
[-0.76033531  0.62370735 -0.18132668],[ 0.63717275  0.66201847 -0.39464217],[-0.12609961 -0.41559679 -0.90076534]
[-0.76033531  0.62370735 -0.18132668],[ 0.63717275  0.66201847 -0.39464217],[-0.12609961 -0.41559679 -0.90076534]
[-0.74537413  0.66343017 -0.06540495],[ 0.63603294  0.67832484 -0.36788247],[-0.19969853 -0.31580978 -0.92756923]
[-0.73255171  0.68070109 -0.00374475],[0.68067691 0.73255889 0.00603562],[ 0.0068517   0.00187244 -0.99997477]
[-0.73255171  0.68070109 -0.00374475],[0.68067691 0.73255889 0.00603562],[ 0.0068517   0.00187244 -0.99997477]
[-0.73255171  0.68070109 -0.00374475],[0.68067691 0.73255889 0.00603562],[ 0.0068517   0.00187244 -0.99997477]
[-0.73255171  0.68070109 -0.00374475],[0.68067691 0.73255889 0.00603562],[ 0.0068517   0.00187244 -0.99997477]
[-0.73255171  0.68070109 -0.00374475],[0.68067691 0.73255889 0.00603562],[ 0.0068517   0.00187244 -0.99997477]
[-0.76046269  0.62705387 -0.16881926],[ 0.63539738  0.66484171 -0.39275395],[-0.1340398  -0.40594204 -0.9040157 ]
[-0.76046269  0.62705387 -0.16881926],[ 0.63539738  0.66484171 -0.39275395],[-0.1340398  -0.40594204 -0.9040157 ]
[-0.73255171  0.68070109 -0.00374475],[0.68067691 0.73255889 0.00603562],[ 0.0068517   0.00187244 -0.99997477]
[-0.73255171  0.68070109 -0.00374475],[0.68067691 0.73255889 0.00603562],[ 0.0068517   0.00187244 -0.99997477]
[-0.73255171  0.68070109 -0.00374475],[0.68067691 0.73255889 0.00603562],[ 0.0068517   0.00187244 -0.99997477]
[-0.73255171  0.68070109 -0.00374475],[0.68067691 0.73255889 0.00603562],[ 0.0068517   0.00187244 -0.99997477]
[-0.73255171  0.68070109 -0.00374475],[0.68067691 0.73255889 0.00603562],[ 0.0068517   0.00187244 -0.99997477]
[-0.73255171  0.68070109 -0.00374475],[0.68067691 0.73255889 0.00603562],[ 0.0068517   0.00187244 -0.99997477]
[-0.73255171  0.68070109 -0.00374475],[0.68067691 0.73255889 0.00603562],[ 0.0068517   0.00187244 -0.99997477]
[-0.73255171  0.68070109 -0.00374475],[0.68067691 0.73255889 0.00603562],[ 0.0068517   0.00187244 -0.99997477]
[-0.73255171  0.68070109 -0.00374475],[0.68067691 0.73255889 0.00603562],[ 0.0068517   0.00187244 -0.99997477]
[-0.73255171  0.68070109 -0.00374475],[0.68067691 0.73255889 0.00603562],[ 0.0068517   0.00187244 -0.99997477]
[-0.73255171  0.68070109 -0.00374475],[0.68067691 0.73255889 0.00603562],[ 0.0068517   0.00187244 -0.99997477]
[-0.73255171  0.68070109 -0.00374475],[0.68067691 0.73255889 0.00603562],[ 0.0068517   0.00187244 -0.99997477]
[-0.73255171  0.68070109 -0.00374475],[0.68067691 0.73255889 0.00603562],[ 0.0068517   0.00187244 -0.99997477]
[-0.73255171  0.68070109 -0.00374475],[0.68067691 0.73255889 0.00603562],[ 0.0068517   0.00187244 -0.99997477]
[-0.73255171  0.68070109 -0.00374475],[0.68067691 0.73255889 0.00603562],[ 0.0068517   0.00187244 -0.99997477]
[-0.73255171  0.68070109 -0.00374475],[0.68067691 0.73255889 0.00603562],[ 0.0068517   0.00187244 -0.99997477]
[-0.73255171  0.68070109 -0.00374475],[0.68067691 0.73255889 0.00603562],[ 0.0068517   0.00187244 -0.99997477]
[-0.73255171  0.68070109 -0.00374475],[0.68067691 0.73255889 0.00603562],[ 0.0068517   0.00187244 -0.99997477]
[-0.73255171  0.68070109 -0.00374475],[0.68067691 0.73255889 0.00603562],[ 0.0068517   0.00187244 -0.99997477]
[-0.73255171  0.68070109 -0.00374475],[0.68067691 0.73255889 0.00603562],[ 0.0068517   0.00187244 -0.99997477]
[-0.73255171  0.68070109 -0.00374475],[0.68067691 0.73255889 0.00603562],[ 0.0068517   0.00187244 -0.99997477]
[-0.73255171  0.68070109 -0.00374475],[0.68067691 0.73255889 0.00603562],[ 0.0068517   0.00187244 -0.99997477]
[-0.73255171  0.68070109 -0.00374475],[0.68067691 0.73255889 0.00603562],[ 0.0068517   0.00187244 -0.99997477]
[-0.73255171  0.68070109 -0.00374475],[0.68067691 0.73255889 0.00603562],[ 0.0068517   0.00187244 -0.99997477]
[-0.76046269  0.62705387 -0.16881926],[ 0.63539738  0.66484171 -0.39275395],[-0.1340398  -0.40594204 -0.9040157 ]
[-0.73255171  0.68070109 -0.00374475],[0.68067691 0.73255889 0.00603562],[ 0.0068517   0.00187244 -0.99997477]
[-0.73255171  0.68070109 -0.00374475],[0.68067691 0.73255889 0.00603562],[ 0.0068517   0.00187244 -0.99997477]
[-0.73255171  0.68070109 -0.00374475],[0.68067691 0.73255889 0.00603562],[ 0.0068517   0.00187244 -0.99997477]
[-0.76046269  0.62705387 -0.16881926],[ 0.63539738  0.66484171 -0.39275395],[-0.1340398  -0.40594204 -0.9040157 ]
[-0.73255171  0.68070109 -0.00374475],[0.68067691 0.73255889 0.00603562],[ 0.0068517   0.00187244 -0.99997477]
[-0.73255171  0.68070109 -0.00374475],[0.68067691 0.73255889 0.00603562],[ 0.0068517   0.00187244 -0.99997477]
[-0.73255171  0.68070109 -0.00374475],[0.68067691 0.73255889 0.00603562],[ 0.0068517   0.00187244 -0.99997477]
[-0.73255171  0.68070109 -0.00374475],[0.68067691 0.73255889 0.00603562],[ 0.0068517   0.00187244 -0.99997477]
[-0.73255171  0.68070109 -0.00374475],[0.68067691 0.73255889 0.00603562],[ 0.0068517   0.00187244 -0.99997477]
[-0.73255171  0.68070109 -0.00374475],[0.68067691 0.73255889 0.00603562],[ 0.0068517   0.00187244 -0.99997477]
[-0.73255171  0.68070109 -0.00374475],[0.68067691 0.73255889 0.00603562],[ 0.0068517   0.00187244 -0.99997477]
[-0.73255171  0.68070109 -0.00374475],[0.68067691 0.73255889 0.00603562],[ 0.0068517   0.00187244 -0.99997477]
[-0.73255171  0.68070109 -0.00374475],[0.68067691 0.73255889 0.00603562],[ 0.0068517   0.00187244 -0.99997477]
[-0.73255171  0.68070109 -0.00374475],[0.68067691 0.73255889 0.00603562],[ 0.0068517   0.00187244 -0.99997477]
[-0.76046269  0.62705387 -0.16881926],[ 0.63539738  0.66484171 -0.39275395],[-0.1340398  -0.40594204 -0.9040157 ]
[-0.73255171  0.68070109 -0.00374475],[0.68067691 0.73255889 0.00603562],[ 0.0068517   0.00187244 -0.99997477]
[-0.73255171  0.68070109 -0.00374475],[0.68067691 0.73255889 0.00603562],[ 0.0068517   0.00187244 -0.99997477]
[-0.73255171  0.68070109 -0.00374475],[0.68067691 0.73255889 0.00603562],[ 0.0068517   0.00187244 -0.99997477]
[-0.73255171  0.68070109 -0.00374475],[0.68067691 0.73255889 0.00603562],[ 0.0068517   0.00187244 -0.99997477]
[-0.73255171  0.68070109 -0.00374475],[0.68067691 0.73255889 0.00603562],[ 0.0068517   0.00187244 -0.99997477]
[-0.73255171  0.68070109 -0.00374475],[0.68067691 0.73255889 0.00603562],[ 0.0068517   0.00187244 -0.99997477]
[-0.73255171  0.68070109 -0.00374475],[0.68067691 0.73255889 0.00603562],[ 0.0068517   0.00187244 -0.99997477]
[-0.73255171  0.68070109 -0.00374475],[0.68067691 0.73255889 0.00603562],[ 0.0068517   0.00187244 -0.99997477]
[-0.73255171  0.68070109 -0.00374475],[0.68067691 0.73255889 0.00603562],[ 0.0068517   0.00187244 -0.99997477]
[-0.73255171  0.68070109 -0.00374475],[0.68067691 0.73255889 0.00603562],[ 0.0068517   0.00187244 -0.99997477]
[-0.73255171  0.68070109 -0.00374475],[0.68067691 0.73255889 0.00603562],[ 0.0068517   0.00187244 -0.99997477]
[-0.73255171  0.68070109 -0.00374475],[0.68067691 0.73255889 0.00603562],[ 0.0068517   0.00187244 -0.99997477]
[-0.73255171  0.68070109 -0.00374475],[0.68067691 0.73255889 0.00603562],[ 0.0068517   0.00187244 -0.99997477]
[-0.73255171  0.68070109 -0.00374475],[0.68067691 0.73255889 0.00603562],[ 0.0068517   0.00187244 -0.99997477]
[-0.73255171  0.68070109 -0.00374475],[0.68067691 0.73255889 0.00603562],[ 0.0068517   0.00187244 -0.99997477]
[-0.73255171  0.68070109 -0.00374475],[0.68067691 0.73255889 0.00603562],[ 0.0068517   0.00187244 -0.99997477]
[-0.73255171  0.68070109 -0.00374475],[0.68067691 0.73255889 0.00603562],[ 0.0068517   0.00187244 -0.99997477]
[-0.73255171  0.68070109 -0.00374475],[0.68067691 0.73255889 0.00603562],[ 0.0068517   0.00187244 -0.99997477]
[-0.73255171  0.68070109 -0.00374475],[0.68067691 0.73255889 0.00603562],[ 0.0068517   0.00187244 -0.99997477]
[-0.73255171  0.68070109 -0.00374475],[0.68067691 0.73255889 0.00603562],[ 0.0068517   0.00187244 -0.99997477]
[-0.76046269  0.62705387 -0.16881926],[ 0.63539738  0.66484171 -0.39275395],[-0.1340398  -0.40594204 -0.9040157 ]
[-0.73255171  0.68070109 -0.00374475],[0.68067691 0.73255889 0.00603562],[ 0.0068517   0.00187244 -0.99997477]
[-0.76046269  0.62705387 -0.16881926],[ 0.63539738  0.66484171 -0.39275395],[-0.1340398  -0.40594204 -0.9040157 ]
[-0.73255171  0.68070109 -0.00374475],[0.68067691 0.73255889 0.00603562],[ 0.0068517   0.00187244 -0.99997477]
[-0.73255171  0.68070109 -0.00374475],[0.68067691 0.73255889 0.00603562],[ 0.0068517   0.00187244 -0.99997477]
[-0.73255171  0.68070109 -0.00374475],[0.68067691 0.73255889 0.00603562],[ 0.0068517   0.00187244 -0.99997477]
[-0.73255171  0.68070109 -0.00374475],[0.68067691 0.73255889 0.00603562],[ 0.0068517   0.00187244 -0.99997477]
[-0.73255171  0.68070109 -0.00374475],[0.68067691 0.73255889 0.00603562],[ 0.0068517   0.00187244 -0.99997477]
[-0.73255171  0.68070109 -0.00374475],[0.68067691 0.73255889 0.00603562],[ 0.0068517   0.00187244 -0.99997477]
[-0.73255171  0.68070109 -0.00374475],[0.68067691 0.73255889 0.00603562],[ 0.0068517   0.00187244 -0.99997477]
[-0.73255171  0.68070109 -0.00374475],[0.68067691 0.73255889 0.00603562],[ 0.0068517   0.00187244 -0.99997477]
[-0.73255171  0.68070109 -0.00374475],[0.68067691 0.73255889 0.00603562],[ 0.0068517   0.00187244 -0.99997477]
[-0.73255171  0.68070109 -0.00374475],[0.68067691 0.73255889 0.00603562],[ 0.0068517   0.00187244 -0.99997477]
[-0.73255171  0.68070109 -0.00374475],[0.68067691 0.73255889 0.00603562],[ 0.0068517   0.00187244 -0.99997477]
[-0.73255171  0.68070109 -0.00374475],[0.68067691 0.73255889 0.00603562],[ 0.0068517   0.00187244 -0.99997477]
[-0.73255171  0.68070109 -0.00374475],[0.68067691 0.73255889 0.00603562],[ 0.0068517   0.00187244 -0.99997477]
[-0.73255171  0.68070109 -0.00374475],[0.68067691 0.73255889 0.00603562],[ 0.0068517   0.00187244 -0.99997477]
[-0.73255171  0.68070109 -0.00374475],[0.68067691 0.73255889 0.00603562],[ 0.0068517   0.00187244 -0.99997477]
[-0.73255171  0.68070109 -0.00374475],[0.68067691 0.73255889 0.00603562],[ 0.0068517   0.00187244 -0.99997477]
[-0.73255171  0.68070109 -0.00374475],[0.68067691 0.73255889 0.00603562],[ 0.0068517   0.00187244 -0.99997477]
[-0.76046269  0.62705387 -0.16881926],[ 0.63539738  0.66484171 -0.39275395],[-0.1340398  -0.40594204 -0.9040157 ]
[-0.73255171  0.68070109 -0.00374475],[0.68067691 0.73255889 0.00603562],[ 0.0068517   0.00187244 -0.99997477]
[-0.73255171  0.68070109 -0.00374475],[0.68067691 0.73255889 0.00603562],[ 0.0068517   0.00187244 -0.99997477]
[-0.73255171  0.68070109 -0.00374475],[0.68067691 0.73255889 0.00603562],[ 0.0068517   0.00187244 -0.99997477]
