0.0,0.0,0.0
-1.1132262183395598,2.6242473957851926,-0.028095890561323972
-1.118438156966715,2.60424679046806,-0.08117524607263377
-1.1569662521822066,2.676197414232974,-0.06999093370535188
-1.1446742548302742,2.6475939225154197,-0.06079472758019557
-1.1454733424629233,2.6651849211589265,-0.019358116258788603
-1.1397471475599723,2.6463321482452353,-0.06928039610056452
-1.1390021508966344,2.6464610384114753,-0.050453936614910065
-1.142191802900757,2.6606357044193634,-0.030396636902007914
-1.1115804897433395,2.596670542721598,-0.09394066930685246
-0.9908448061889259,2.427659399729826,-0.09464361187052565
-1.1393839636852923,2.638509602166711,-0.0985917863257615
-1.1452975774025949,2.6635258024803763,-0.002145050372874905
-0.9922292297964809,2.4289148842478596,-0.10626397870872656
-1.1320570849577016,2.6380939900359204,-0.04749361243845096
-1.0634891274728033,2.524661886226064,-0.07410756458467505
-1.11245100607423,2.6077812436801246,-0.040930093184608815
-0.8706201551099453,2.3088277594880475,-0.05334046199171012
-0.8706201551099453,2.3088277594880475,-0.05334046199171012
-0.8706201551099453,2.3088277594880475,-0.05334046199171012
-0.9887828490582514,2.4275454380914816,-0.09604476371941327
-1.1216235905274148,2.619290752546887,-0.08642686163368098
-1.1104184413370553,2.5940420090225924,-0.1045048506644142
-1.1546881225379286,2.665537352380973,-0.039380849165201466
-1.1546881225379286,2.665537352380973,-0.039380849165201466
-1.1546881225379286,2.665537352380973,-0.039380849165201466
-1.1546881225379286,2.665537352380973,-0.039380849165201466
-1.1546881225379286,2.665537352380973,-0.039380849165201466
-1.1129370959935292,2.597904947112707,-0.06993947246144555
-1.033107985779538,2.484434865830263,-0.09912772504504269
-1.087829251858593,2.558719658070041,-0.09264778715613088
-1.1429611521656537,2.663243067632804,-0.029560740785202162
-1.1429611521656537,2.663243067632804,-0.029560740785202162
-1.1429611521656537,2.663243067632804,-0.029560740785202162
-1.1340566990768715,2.633222783229323,-0.08704378491506365
-0.8859486675907876,2.333496085434123,-0.0500274725674568
-1.1245608730289884,2.634098304067608,-0.05726921584581573
-1.017598386457299,2.4605444588869543,-0.10055781420077346
-1.059917459559688,2.5184166066344424,-0.09676222501533004
-1.059917459559688,2.5184166066344424,-0.09676222501533004
-1.059917459559688,2.5184166066344424,-0.09676222501533004
-1.0975212132140866,2.5719433277322086,-0.1040736316578864
-1.1147070007590756,2.589064325452492,-0.11589727973362944
-1.078352278471174,2.5439504505107866,-0.09774703111659293
-0.9924036211938817,2.431052608698483,-0.1048077257695601
-1.0262866015224965,2.4721409867679043,-0.0837382155178494
-1.1097113450511562,2.588895211526746,-0.10034731204139873
-1.1630232417822615,2.6791058887585493,-0.06355194694070868
-1.108118673985511,2.586777752099527,-0.07216554651631546
-1.1008549788910753,2.572091087791955,-0.08647962903003957
-1.1388372419962256,2.660088175288816,-0.012396104654022804
-1.132920140172737,2.6396042269710205,-0.04523660366866723
-1.1142134299132735,2.5941359229572405,-0.12820228180819127
-1.0766745219164113,2.530412401094452,-0.12418795970117166
-1.0766745219164113,2.530412401094452,-0.12418795970117166
-1.0766745219164113,2.530412401094452,-0.12418795970117166
-1.118503112528404,2.6045941776788357,-0.07549565424361378
-1.148040180918123,2.662249729249778,-0.03237653647698793
-1.148040180918123,2.662249729249778,-0.03237653647698793
-1.148040180918123,2.662249729249778,-0.03237653647698793
-1.108133211599767,2.601372447786629,-0.05235248721323875
-1.142914246525594,2.6467690197390983,-0.0695429620859703
-1.0888451008141646,2.5850794562756563,-0.055668577128367834
-1.1347694523298044,2.6460274353520603,-0.051997569165857745
-1.1314063933590022,2.6317982158111604,-0.06908997768763324
-1.1354367116447073,2.649630680958567,-0.03486769589032316
-1.1379643231012964,2.6618259028150475,-0.03180586952307401
-1.1464076782069037,2.663099839779986,-0.035142060360440174
-1.098834723872289,2.5832479892221896,-0.09064913137562805
-1.1303443813875256,2.6282711213667045,-0.06397952401171249
-1.1303443813875256,2.6282711213667045,-0.06397952401171249
-1.1303443813875256,2.6282711213667045,-0.06397952401171249
-1.135774569659536,2.651202584354912,-0.03951026241046011
-1.0591048852470792,2.500918242843611,-0.13721611377770523
-1.080607714429913,2.555506230999383,-0.06681636845039456
-1.1129622932403649,2.6073635159985793,-0.07955388998623371
-0.9890080140198844,2.4279480570264287,-0.08065124327501319
-1.1073896085027275,2.5854728075525384,-0.09471769133413063
-1.0950611911385169,2.5801475668781673,-0.058645113119412465
-1.0968486483966622,2.585303720440394,-0.0443028706711361
-1.112324161723754,2.589915038334456,-0.1131691878306557
-1.1292817362108845,2.641052484703291,-0.03428897607034292
-0.9191158807873507,2.3596838107382574,-0.06596650243415494
-0.9870622817658307,2.4206705906571937,-0.11110095726821782
-0.990380379514498,2.4243479329342197,-0.10171028188770036
-0.8440205311805304,2.2877936984965714,-0.054908800269166745
-1.09574021497598,2.5710644773645313,-0.09036919833108836
-0.9760781001730943,2.4200582309860033,-0.07722824016598648
-1.1584983718444153,2.6828641627545267,-0.06988113073370848
-1.139405234520618,2.6524416537165183,-0.02291266982981033
-1.1286646360647326,2.640241889615762,-0.07901268073796941
-1.107384262201757,2.5937265377974605,-0.05556557164928429
-1.152207257505145,2.6741871759898954,-0.02636096512571447
-1.152207257505145,2.6741871759898954,-0.02636096512571447
-1.152207257505145,2.6741871759898954,-0.02636096512571447
-1.083369843290268,2.571406149418529,-0.05087829873791148
-1.134178858482408,2.638484592088623,-0.06203819070870143
-1.104341543753266,2.5937714445740436,-0.08229641159790273
-1.134247746058253,2.640900767473837,-0.08288051783866787
-1.000812747224332,2.4545817326049892,-0.08854588985224085
-0.9538889513718957,2.399036838568337,-0.059499983356106206
-1.1305950533623557,2.625678485960523,-0.06644151279237634
-1.1269940090460635,2.64094334049866,-0.04694503268078225
-1.0710158961390648,2.5231807750002915,-0.1299321478891673
-1.1350300508301303,2.630447255915194,-0.07959878555518381
-1.105907967005341,2.594720271577127,-0.041440928454268375
-1.1253974447842492,2.628319248469036,-0.0512889203612145
-1.1076625451160373,2.6015313776717286,-0.06233999722864025
-0.9600956110490463,2.3989197134697777,-0.06659985533934111
-1.0344927885234054,2.4759328080314753,-0.11163245971007814
-1.1022703770465596,2.588655126534144,-0.07767089059663784
-1.142565043081135,2.6505572020359662,-0.07502908384871528
-1.1264809213864455,2.6334187805935,-0.057464409936532734
-1.1264809213864455,2.6334187805935,-0.057464409936532734
-1.1264809213864455,2.6334187805935,-0.057464409936532734
-1.1412494513370501,2.646218077876686,-0.09490145919189032
-1.1301101091241055,2.620166596015056,-0.11443643203154001
-1.1058546766276403,2.59270612624112,-0.06279409845094802
-1.1058546766276403,2.59270612624112,-0.06279409845094802
-1.1058546766276403,2.59270612624112,-0.06279409845094802
-0.9406897117764251,2.394175679167451,-0.0470841353311871
-1.1155042488945754,2.603276507276792,-0.09946692582238556
-1.1064153570137565,2.601303398525517,-0.050124784186524905
-1.0917782132357086,2.5871826484062694,-0.06610289471877344
-0.9086775328500218,2.3433573756391444,-0.07090269891587227
-1.058934083716491,2.513431385209642,-0.08984784578592414
-1.131375652114183,2.6430654103009172,-0.03780916605830645
-1.1384784418203013,2.6347287408375433,-0.10327658648217282
-1.1269601019878417,2.637906491321602,-0.022798544958512544
-1.1145490201331714,2.593680788857923,-0.1015120023542657
-1.1482181142118888,2.6597307835294544,-0.09862449390567515
-1.125233056370891,2.62765124807341,-0.05284744095893347
-1.120205596219832,2.623069387729345,-0.053912022578838696
-1.13715346450755,2.64988811703319,-0.05395207804028821
-1.1159366326769597,2.6097452075232197,-0.07952795297038413
-1.1441173208831503,2.6628820577686088,-0.04256535135275401
-1.04875469195281,2.4932237885395487,-0.11449129033937214
-1.0339907206449697,2.4855098691211124,-0.09985757231019578
-1.100745489586218,2.5977920657941516,-0.03883442016768094
-1.0765643458113427,2.55956892038238,-0.058858150215934824
-1.1228591656125209,2.620383152453878,-0.05570384440446417
-1.1156881200691007,2.603233215907884,-0.08197826123384154
-1.1499797694084386,2.673188765892955,-0.06874329957782634
-1.1472016900481108,2.659330867906055,-0.08099012205285669
-1.1490424077314807,2.670688179706885,-0.03362118475713773
-1.1471745815404013,2.6716633217426966,-0.01571807662652631
-1.1471745815404013,2.6716633217426966,-0.01571807662652631
-1.1471745815404013,2.6716633217426966,-0.01571807662652631
-1.123329144211754,2.622259379938191,-0.06954882454256792
-1.0463846055850454,2.512730687589848,-0.07313006721512988
-1.1480805700843544,2.6651875213103273,-0.04280848942979844
-1.1398872862640044,2.657744005931923,-0.01573690097542858
-1.1398872862640044,2.657744005931923,-0.01573690097542858
-1.1398872862640044,2.657744005931923,-0.01573690097542858
-1.1398872862640044,2.657744005931923,-0.01573690097542858
-1.1398872862640044,2.657744005931923,-0.01573690097542858
-1.1398872862640044,2.657744005931923,-0.01573690097542858
-1.1398872862640044,2.657744005931923,-0.01573690097542858
-1.1484966706262916,2.664768633755924,-0.043323097017224185
-1.1484966706262916,2.664768633755924,-0.043323097017224185
-1.1484966706262916,2.664768633755924,-0.043323097017224185
-1.111624198534195,2.587632425816188,-0.08846600710023875
-0.9820361870474633,2.4193565440790956,-0.093390038411504
-1.1459531577991715,2.663575532072479,-0.019367395898842298
-1.0329009949301406,2.478626615362277,-0.09300146551776685
-1.1023003668296374,2.587970431577273,-0.07466756356087055
-1.0942277669641658,2.5690188461960686,-0.08814734238862298
-1.135262965064447,2.6496538756131156,-0.026375961881167188
-1.135262965064447,2.6496538756131156,-0.026375961881167188
-1.135262965064447,2.6496538756131156,-0.026375961881167188
-1.1408429156928022,2.656787610688006,-0.047267975725350325
-1.1015778771770803,2.586633014745874,-0.07358639666107357
-1.1223752074778703,2.627043623499736,-0.05441601210765266
-1.0316506344930823,2.499297008196613,-0.07887051271341688
-1.1327223248079086,2.6290147200070053,-0.09668963581098211
-1.1091418121709309,2.6009550823914642,-0.05886986674066464
-1.1430696042098232,2.6595835259423635,-0.02847942406393946
-1.1242525842960265,2.6348252557653056,-0.04195824963531382
-0.8440458964366729,2.293214800487183,-0.05053857181428712
-0.993027747280989,2.4388714237919884,-0.06986354396221743
-1.1428820730736386,2.6569676108239633,-0.05348017192340318
-1.1458296877661813,2.6533191717840885,-0.05742151585510264
-1.0546573717631056,2.529730296417701,-0.058625646528439
-1.1110680086250557,2.5964289158217535,-0.08595604417357101
-1.145386264183037,2.653353192781281,-0.04031837817598333
-1.1356988326077964,2.655581696383396,-0.020627742690418175
-1.1168270255882407,2.6110003234078247,-0.07571074391435238
-1.0225342823247985,2.4711334123229354,-0.10006176555379072
-1.0959989428981711,2.586136044629811,-0.059112274168873755
-1.116438789556221,2.6167442296328587,-0.0647601685027958
-1.0642826601442226,2.5299244410231827,-0.08800215344345828
-1.1068348603132434,2.585500349944244,-0.07466919291081706
-1.1074035239663378,2.5897816182480367,-0.0587262666572227
-1.1409560460712347,2.659035917492221,-0.05212783804767142
-1.1490577388910634,2.6691450320453747,-0.05095455233258422
-1.1490577388910634,2.6691450320453747,-0.05095455233258422
-1.1490577388910634,2.6691450320453747,-0.05095455233258422
-1.0975172959995545,2.573208177713597,-0.0981260534087676
-1.0975172959995545,2.573208177713597,-0.0981260534087676
-1.0975172959995545,2.573208177713597,-0.0981260534087676
-1.1302752585727476,2.6300860545958087,-0.0594374891437406
-1.1438617619773117,2.661561459199215,-0.05531493716776151
-0.9957661108470905,2.4264046358134324,-0.1050103506720297
-0.9957661108470905,2.4264046358134324,-0.1050103506720297
-0.9957661108470905,2.4264046358134324,-0.1050103506720297
-1.1438408720976705,2.6501650021136114,-0.06865504744736811
-1.1177829843930664,2.6093613874356194,-0.0956028778891417
-0.9900892674666866,2.4266510450471963,-0.0942270171091332
-1.0733234298261347,2.5663170806537963,-0.06684946589443044
-1.0495283449795794,2.518521159143867,-0.07155623778679454
-1.1389002318898498,2.6463461270782105,-0.0593142425097617
-1.0827039288638554,2.551277493783724,-0.11144373403969894
-1.1104727118337279,2.609486793794015,-0.03475763630312839
-1.1167909080334644,2.599294354612234,-0.09214619270996056
-1.0105985730107956,2.4512755552899255,-0.10695380277973822
-0.8758891138431626,2.315010650014737,-0.06018430725057824
-1.0600004981911444,2.53280175827494,-0.08638444410290554
-1.0945116720458599,2.5722089972889624,-0.09044284599522175
-1.0669448480398,2.546361056191689,-0.06994514848098306
-1.1401729811244479,2.6536256395971534,-0.06568028686721868
-1.1514420451717273,2.6688600231604798,-0.029414908613024433
-1.1009334110743068,2.6063701360895286,-0.03574129909554915
-1.1075575154120898,2.6000954091579085,-0.08722345393396955
-1.1332178379607711,2.649373777703523,-0.06926280541793357
-1.1424609352911221,2.6566184284670125,-0.04578361259758184
-1.1099718470606992,2.5947649056699036,-0.09085757578447964
-1.1099718470606992,2.5947649056699036,-0.09085757578447964
-1.1099718470606992,2.5947649056699036,-0.09085757578447964
-1.1272700798987827,2.6148327905017763,-0.08576082694889069
-1.1076427184335937,2.59374371851203,-0.08197819264756472
-1.1426176388623326,2.6489610427819468,-0.08048015364217805
-1.1092276723744197,2.5961356827785584,-0.08994316148744709
-1.1092276723744197,2.5961356827785584,-0.08994316148744709
-1.1092276723744197,2.5961356827785584,-0.08994316148744709
-1.0200822448974234,2.4613786360959353,-0.07310927165428843
-1.1145743050684351,2.5977188393888175,-0.09274033925222154
-1.0956094637112723,2.5934706885356467,-0.04363264915026371
-0.9118353507971166,2.3540802076958824,-0.07518792079875791
-1.0532179985132097,2.529745038711027,-0.05124163680428369
-0.9171909409109924,2.366271432891521,-0.058113783873580876
-1.1162931977525647,2.5969399344692357,-0.09317892784555085
-1.0903370814794815,2.567014973278744,-0.08606876944829399
-1.1481434137473534,2.6637786309841816,-0.05650936844672701
-1.0991093662445028,2.5869703357887426,-0.07543978842620373
-1.1319490025262073,2.642266161393874,-0.0785330934233277
-1.1319490025262073,2.642266161393874,-0.0785330934233277
-1.1319490025262073,2.642266161393874,-0.0785330934233277
-0.8279716491756308,2.281709160445504,-0.04368364953096208
-1.1317878864928677,2.633499677025686,-0.0837826659854646
-0.9956882155026645,2.4336030673903455,-0.10307798319021441
-1.1560326131718863,2.6672935278591017,-0.08810044204811272
-1.1560326131718863,2.6672935278591017,-0.08810044204811272
-1.1560326131718863,2.6672935278591017,-0.08810044204811272
-0.990558712946645,2.4315038037989325,-0.08939987093955155
-1.131222930873795,2.6325781890324014,-0.059675137399330315
-0.9641047925542282,2.4089892376906707,-0.07473332766061552
-1.0760169280611045,2.5693050841321465,-0.04837407162011513
-1.0445794490524491,2.503012733344624,-0.0878245023741786
-1.1406183013534166,2.6522955163390134,-0.04456269498776593
-1.1406183013534166,2.6522955163390134,-0.04456269498776593
-1.1406183013534166,2.6522955163390134,-0.04456269498776593
-1.031158442843591,2.494550744396561,-0.07646085382164958
-1.066711907715513,2.546726892137156,-0.08477350659955371
-1.0978226199737784,2.5982661064886976,-0.051537194661444546
-1.1191191634705502,2.602464295311639,-0.09321030141055066
-1.1076456140548445,2.5895076309363203,-0.10744356003819719
-1.1136138285314585,2.593755478538371,-0.08389510178184455
-1.116306403102988,2.6120250190033394,-0.06350725857613261
-1.1163199416058105,2.624912592194587,-0.06039157890054461
-1.1163199416058105,2.624912592194587,-0.06039157890054461
-1.1163199416058105,2.624912592194587,-0.06039157890054461
-1.1128554454042476,2.613410433181305,-0.06956501016323662
-1.063963565379494,2.526104032657846,-0.09123012352783737
-1.040014413731012,2.487719755147299,-0.09602160337213886
-1.108807053455202,2.6027160696649867,-0.06886079151927178
-1.109811961497119,2.5873659789102863,-0.09781337620629116
-1.0811849411788943,2.545287809946806,-0.10815985501985714
-1.1035702360755875,2.584120835390108,-0.08789153996464794
-1.0990899571004595,2.58853878902801,-0.07984997210974903
-1.0538504840501508,2.5171445103951253,-0.0894132665270951
-1.0538504840501508,2.5171445103951253,-0.0894132665270951
-1.0538504840501508,2.5171445103951253,-0.0894132665270951
-1.1571068367973,2.686675774568067,-0.03658772589710906
-1.0871401980099362,2.54847200344993,-0.08207223694771001
-1.1540317822924988,2.6745679016594286,-0.035139669191603336
-1.0431369918502305,2.4986857593949257,-0.10845692213617937
-1.0995545974428684,2.5821113891928267,-0.07439001649867555
-1.0115995094237897,2.4703744326074384,-0.06643971835856079
-1.0880935812783683,2.5621034416120647,-0.10273695511235635
-1.1366204183500928,2.6275052005379402,-0.07242463280547141
-1.1350287753680488,2.6383159276180166,-0.06761580768925322
-1.1470044205113,2.6661489661548603,-0.08841406762760023
-1.129163466165177,2.6455326498861713,-0.06899806218331077
-1.1015448915662667,2.587491497700281,-0.07145697403485211
-1.1067960575482538,2.5917887747653108,-0.07642152848663317
-1.096341933522318,2.5826240278753434,-0.04936512611461756
-1.045409423007106,2.5096142123554106,-0.07469935130700942
-1.112613882358246,2.5915982232513013,-0.1147122635905976
-1.11512308323173,2.617590557030185,-0.08519037176558276
-1.1272199106196945,2.6296439316752562,-0.07410431378373719
-1.1397713011847113,2.6454505705976388,-0.0795979297968488
-1.0802025530255108,2.5694702315226223,-0.04169011134788418
-1.146693178867191,2.6702761397092556,-0.0745516648785513
-1.1310830574125195,2.6204242272055405,-0.07085305916004683
-1.1177429029930883,2.6088487367462827,-0.08216931159233654
-1.000786238239512,2.4533900619521742,-0.07168201478046306
-1.1473685072913573,2.662341256229068,-0.05361475507404794
-1.0446314387664057,2.4766430891701896,-0.12889457104291338
-1.1351583605063076,2.6450907979860947,-0.0436191738582567
-1.1628074581055527,2.682434970052527,-0.07408917076864172
-1.1118431615244615,2.6011749300286495,-0.06569509470654386
-1.037364002571201,2.4793887126062297,-0.1178589805278848
-1.149465598490558,2.6607664355881635,-0.07251440076340208
-1.0509864801031428,2.507090522942226,-0.1043383299537655
-1.0849994141885189,2.5464638928804915,-0.1052972719881902
-0.9708600565366732,2.4193062849182896,-0.06854360473227884
-0.8989633571923745,2.3426517489347853,-0.04943976654944516
-1.1251760441855472,2.6350988470342265,-0.023774472208427905
-1.1335842805874676,2.6455754473522766,-0.03389142422322153
-1.1335842805874676,2.6455754473522766,-0.03389142422322153
-1.1335842805874676,2.6455754473522766,-0.03389142422322153
-1.1375448781489723,2.6510859371859685,-0.041008997685503354
-1.050383185548803,2.514472513232229,-0.09640766066984373
-1.152548235878556,2.6756219917008615,-0.027884476701754018
-0.9235756918146351,2.3573681803602797,-0.07419069748285956
-1.1311991309072023,2.6415975257070294,-0.07304659721847206
-0.865683805041529,2.3091412871181434,-0.047149685093356125
-1.1415195606860429,2.6566419624243367,-0.046650990269194045
-1.145901749679969,2.649228788272747,-0.10199637673279581
-0.9879401360721083,2.421993554635591,-0.10757841117011797
-0.9879401360721083,2.421993554635591,-0.10757841117011797
-0.9879401360721083,2.421993554635591,-0.10757841117011797
-1.1459433373613177,2.655376001518777,-0.07382979016624423
-1.1391402600502625,2.650877995984408,-0.05167887902105065
-1.1578876866602639,2.6860921242124527,-0.059261025250805316
-1.1578876866602639,2.6860921242124527,-0.059261025250805316
-1.1578876866602639,2.6860921242124527,-0.059261025250805316
-1.1323213123002347,2.66957803373606,-0.04967624906487341
-1.1151258828821815,2.6382217508906147,-0.04757054628935339
-1.4379486832769268,2.962769008609117,-0.7859052206338736
-1.1996918001937322,2.7449338393593607,-0.039440315085910935
-1.0960852593143158,2.5739023187664305,-0.03304992026725283
-1.1474966282814438,2.618329564169933,-0.08253966174106417
-1.0669433946968756,2.5182405701745263,-0.041880120059039475
-1.168011387388318,2.6706168858045354,-0.0462383225082776
-1.1048837663774937,2.5786686537914805,-0.054594166725387604
-1.11620467691744,2.5701599525317893,-0.06707840677816955
-1.11620467691744,2.5701599525317893,-0.06707840677816955
-1.11620467691744,2.5701599525317893,-0.06707840677816955
-1.26364093761514,2.768832949488284,-0.1208044900300893
-1.0448083702955069,2.42494149162096,-0.07187310898807228
-1.0731262159261767,2.4399344364777553,-0.07247996799258875
-1.0731262159261767,2.4399344364777553,-0.07247996799258875
-1.0731262159261767,2.4399344364777553,-0.07247996799258875
-1.0731262159261767,2.4399344364777553,-0.07247996799258875
-1.0731262159261767,2.4399344364777553,-0.07247996799258875
1.3766948554808316,-2.5400297631326305,0.6944794168617607
1.41749407262403,-2.569985622029392,0.8063745877682899
1.4124948844991632,-2.5657582309586484,0.8179113919932252
1.4124948844991632,-2.5657582309586484,0.8179113919932252
-0.880946586338114,2.2330334856141874,-0.09787035347598554
-0.880946586338114,2.2330334856141874,-0.09787035347598554
-0.880946586338114,2.2330334856141874,-0.09787035347598554
-0.880946586338114,2.2330334856141874,-0.09787035347598554
-1.1274513974430895,2.369439829517657,-0.33529497907799577
-0.8958267190494712,2.2103665186672545,-0.169538240424793
-1.046623662844041,2.283105481699752,-0.24746269895573256
-1.291965283513806,2.3716374047047553,-0.4746407431865451
-1.280653121811339,2.4189022172287142,-0.4008528261461125
-1.1741192116072645,2.36534990505835,-0.26234299429387936
-1.2999691505082982,2.397990967388773,-0.43524527703692456
-1.3010073114928151,2.420343726680971,-0.46692588974588334
-1.3010073114928151,2.420343726680971,-0.46692588974588334
-1.3010073114928151,2.420343726680971,-0.46692588974588334
-1.2885157223841912,2.4008856477766276,-0.3652579987922051
-1.3212978303545877,2.3422697772121444,-0.4706249282413661
-1.357261181961743,2.3795923890832085,-0.47857159311952935
-1.307390064624409,2.2996993656214912,-0.46175269487038934
-1.3231019237053876,2.376919678823189,-0.45764945294174425
-1.3589156446141355,2.3301053011268933,-0.5638200149893147
-1.3723002277438014,2.357785040526752,-0.5316755257895183
-1.34440978855791,2.269474918761096,-0.5666876684319267
-1.3391654837413545,2.2149177952286188,-0.7635136502824694
-1.3391654837413545,2.2149177952286188,-0.7635136502824694
-1.3391654837413545,2.2149177952286188,-0.7635136502824694
1.2507322783466153,-2.054022631994578,-0.7152452733165001
1.2637449563868122,-2.0017554677520253,-0.7284186954384659
1.286096744455049,-2.1667592332642616,-0.930883164668785
1.286096744455049,-2.1667592332642616,-0.930883164668785
-1.420687627724655,2.145557911278133,-0.5015312789659898
-1.4287450426588937,2.1190610669020966,-0.44973683842536355
-1.435601483663286,2.1479622898815376,-0.6042943270472517
-1.435601483663286,2.1479622898815376,-0.6042943270472517
1.3160310201232737,-1.9054027121601615,-0.6730564410409358
1.3160310201232737,-1.9054027121601615,-0.6730564410409358
1.3160310201232737,-1.9054027121601615,-0.6730564410409358
1.3762039794500083,-1.909902969512883,-0.6842570708934305
1.3266742838218524,-1.8915531507439194,-0.7387420242148975
1.3331084992633613,-1.8916788166332104,-0.7434030156606396
1.3376334495543651,-1.8795342910312574,-0.7066113162907884
1.3407432482211639,-1.8827909035954946,-0.6873653605490527
1.343050020294342,-1.858961589815758,-0.6940683375885516
1.356028177133927,-1.8714383890837984,-0.7006212703439999
1.355889108534228,-1.8754980553615734,-0.6967540870414456
1.4140511887274765,-1.896197100916673,-0.6416421880604763
1.342940100675652,-1.8643390835577593,-0.7064707730064844
1.3776707193730617,-1.859347004118046,-0.6393244880339262
1.3802891659235392,-1.9088041279661951,-0.6833590349956022
1.3677986806369045,-1.87862120628524,-0.7518924053602557
1.3901187609317205,-1.9234696849940272,-0.7588595720558838
1.3686372244668696,-1.9040823188142444,-0.6959976745442406
1.3608720998226789,-1.9266338736972906,-0.808694425267443
1.3778327799769083,-1.9525702799683278,-0.7431183958853043
1.3778327799769083,-1.9525702799683278,-0.7431183958853043
-1.4848221107066617,2.1853823744252963,-0.5633663618937117
-1.447315208470052,2.180151406281814,-0.7030642737921191
-1.3914858268810097,1.9975445960493472,-0.33410142406897125
-1.3914858268810097,1.9975445960493472,-0.33410142406897125
1.3753582636379207,-1.9100819867750956,-0.7242130907154489
1.3575133092120837,-1.934207250463686,-0.6983942503786743
1.3266972517084992,-1.9362235548085742,-0.7405778499800708
1.3144926737473734,-1.9740631771857167,-0.786585032544243
1.2653350192845128,-1.918330399172932,-0.7508157223604557
1.250626891117231,-1.9190703055081502,-0.7113440901746483
1.2763534142249156,-1.9550400304548927,-0.7539556654137204
1.2458820939563837,-1.9427498386529138,-0.7631365610422481
1.1831767665375745,-1.9377816638064316,-0.8196675343164187
1.2072210776466703,-1.9819631745481268,-0.7782279849712154
1.1656382701954844,-1.931377488121739,-0.8205027052106161
1.1261624417111453,-1.927544786678542,-0.8340373897901013
1.113829983546942,-1.9453622719666852,-0.8165634452333769
1.113829983546942,-1.9453622719666852,-0.8165634452333769
1.113829983546942,-1.9453622719666852,-0.8165634452333769
1.0698257822146107,-2.046769417630091,-0.9417848499250411
1.0759993678545097,-2.0638305472016265,-0.929581028211369
1.0506588100240353,-2.0437484257869785,-0.9045701119418221
1.0506588100240353,-2.0437484257869785,-0.9045701119418221
1.0506588100240353,-2.0437484257869785,-0.9045701119418221
0.99902240682682,-1.994800124691533,-0.9715187645732007
0.99902240682682,-1.994800124691533,-0.9715187645732007
-1.2586554186188104,1.7524740274931536,-1.0738940547233045
-1.276369497678454,1.6456015801808186,-1.0999377399093784
-1.276369497678454,1.6456015801808186,-1.0999377399093784
-1.276369497678454,1.6456015801808186,-1.0999377399093784
-1.2700289985463893,1.6070108395492542,-1.1346108092375657
-1.2700289985463893,1.6070108395492542,-1.1346108092375657
0.9665323843286067,-1.131942114150715,-1.3754217277996144
0.9560118986278181,-1.140670652428169,-1.399656798661822
0.9560118986278181,-1.140670652428169,-1.399656798661822
2.270375807199834,-2.633683622990256,1.9303607093445332
2.270375807199834,-2.633683622990256,1.9303607093445332
0.7702398255512645,-1.51959754411396,-1.1131901066035634
0.7718022480000921,-1.5218083802914746,-1.1550644780401418
0.7718022480000921,-1.5218083802914746,-1.1550644780401418
1.292501271095423,-3.350170757559373,0.9247289225658228
1.3332712953128825,-3.2415191562427736,1.032076020503724
1.3332712953128825,-3.2415191562427736,1.032076020503724
1.3332712953128825,-3.2415191562427736,1.032076020503724
1.3332712953128825,-3.2415191562427736,1.032076020503724
0.7005292220726619,-1.5164951712412986,-1.2032801157131148
0.7072479208931164,-1.5011945920132266,-1.193354359629625
0.6969979312986383,-1.5099461335968434,-1.2046641514163645
0.6592528192720781,-1.511893712338943,-1.1626057886707073
0.6592528192720781,-1.511893712338943,-1.1626057886707073
1.2701952687579239,-3.325681282502858,1.1155109652761577
1.2701952687579239,-3.325681282502858,1.1155109652761577
0.6651138488676409,-1.4821870110271682,-1.1786538185793918
0.6680367214356088,-1.4700487014365777,-1.1961951711972305
0.6680367214356088,-1.4700487014365777,-1.1961951711972305
1.714928328998471,-2.977256575910986,1.6776079183694919
1.714928328998471,-2.977256575910986,1.6776079183694919
0.6617650540279109,-1.4693540727220404,-1.183696691327191
0.6617650540279109,-1.4693540727220404,-1.183696691327191
1.2558480480287468,-3.367698681604876,0.9981769316298175
1.2558480480287468,-3.367698681604876,0.9981769316298175
0.656103394863385,-1.46269513150901,-1.1561475743288734
0.656103394863385,-1.46269513150901,-1.1561475743288734
0.656103394863385,-1.46269513150901,-1.1561475743288734
0.656103394863385,-1.46269513150901,-1.1561475743288734
0.656103394863385,-1.46269513150901,-1.1561475743288734
0.656103394863385,-1.46269513150901,-1.1561475743288734
1.7645798596141524,-2.9703062750609983,1.6169313212085354
1.7645798596141524,-2.9703062750609983,1.6169313212085354
0.58701168000155,-1.749787164121771,-0.844211501044129
0.6607991101532733,-1.45913576703546,-1.2087918053642666
0.6607991101532733,-1.45913576703546,-1.2087918053642666
0.6607991101532733,-1.45913576703546,-1.2087918053642666
0.6607991101532733,-1.45913576703546,-1.2087918053642666
0.6607991101532733,-1.45913576703546,-1.2087918053642666
0.6607991101532733,-1.45913576703546,-1.2087918053642666
1.2989987940165713,-3.314481312925127,0.986225135047255
1.2989987940165713,-3.314481312925127,0.986225135047255
0.6794706491411509,-1.4623121035135962,-1.1796713198835223
0.6893008588622765,-1.4463845355230986,-1.1947404901177008
0.6893008588622765,-1.4463845355230986,-1.1947404901177008
0.6893008588622765,-1.4463845355230986,-1.1947404901177008
0.6893008588622765,-1.4463845355230986,-1.1947404901177008
0.6893008588622765,-1.4463845355230986,-1.1947404901177008
1.3061427295708903,-3.2484921241967784,1.046313556679848
1.3061427295708903,-3.2484921241967784,1.046313556679848
0.6580880401100695,-1.4570379939135611,-1.1935437005667446
0.6789559328576782,-1.471871144763553,-1.225589398985082
0.6789559328576782,-1.471871144763553,-1.225589398985082
0.6789559328576782,-1.471871144763553,-1.225589398985082
0.6789559328576782,-1.471871144763553,-1.225589398985082
1.3067697670822331,-3.258330742043209,1.048140101554753
1.3067697670822331,-3.258330742043209,1.048140101554753
0.6841413379922568,-1.4523168078609332,-1.2014298200059532
0.6757752916722525,-1.4670928850771503,-1.1840050648625746
0.6757752916722525,-1.4670928850771503,-1.1840050648625746
1.3090823769023532,-3.2501180180634073,1.0406751035968573
1.3090823769023532,-3.2501180180634073,1.0406751035968573
0.6882635573818463,-1.4528918122599022,-1.21398063380005
0.6882635573818463,-1.4528918122599022,-1.21398063380005
0.6882635573818463,-1.4528918122599022,-1.21398063380005
0.6882635573818463,-1.4528918122599022,-1.21398063380005
1.31194765119964,-3.249674076319734,1.0315481956852253
1.31194765119964,-3.249674076319734,1.0315481956852253
0.6862985398152441,-1.447389584411585,-1.1955739112902453
0.6862985398152441,-1.447389584411585,-1.1955739112902453
0.6862985398152441,-1.447389584411585,-1.1955739112902453
0.6862985398152441,-1.447389584411585,-1.1955739112902453
1.2780968174171137,-3.280801960101349,0.988242950306903
1.2772124438978065,-3.2790204259710216,0.9891139217766325
1.2772124438978065,-3.2790204259710216,0.9891139217766325
0.6847659706027318,-1.4564765143735063,-1.2167085240933275
0.6847659706027318,-1.4564765143735063,-1.2167085240933275
1.2772490295481511,-3.2805114057649356,0.9939157468969698
1.276366075705837,-3.2771409317547473,0.9940285759759543
1.299547374529571,-3.2375471130462694,1.0578596454489777
1.2626946452068681,-3.264965154721682,1.0115566743387854
1.2625142141831929,-3.2696394616788287,1.013982026672198
1.2687463759656603,-3.2872479126684717,1.0173863066465165
1.2674302940298203,-3.2898058872192455,1.0210100530354898
1.2989300574386864,-3.2555731420003324,1.06797733742548
1.2603852778245865,-3.27274877185491,1.0235082279923686
1.1953679135056838,-3.363745407812915,0.9510600250926363
1.1953679135056838,-3.363745407812915,0.9510600250926363
1.1953679135056838,-3.363745407812915,0.9510600250926363
1.2684505177715,-3.290169819812299,1.0234471549413984
1.2709181218320909,-3.29066996391655,1.0190571323797366
1.2725781240290857,-3.289195342383428,1.0152549082266455
1.2749691301088144,-3.287392063131389,1.0098932290013707
1.2766024666152662,-3.2873970153163734,1.00679510770084
1.278623051545414,-3.286646256398687,1.0025877860798535
1.2780849266813976,-3.274982116170309,0.9980170059023316
1.280043668970179,-3.2757716309128044,0.9946051524362174
1.2806028340575226,-3.276917425411465,0.9940784387851184
1.2802630262150017,-3.2759038952299675,0.9942440218188189
1.2816282859483796,-3.287223214892617,0.9971157471980676
1.243228888909633,-3.3073777836816802,0.9471996456724531
1.2495364328308503,-3.3233414544347597,0.9534559761815042
1.2408926035624224,-3.32224467928022,0.9703002096217749
1.2709277702046322,-3.2874520236844105,1.0217446836374047
1.2676610941141895,-3.2869930037910713,1.0276552980697147
1.2582114328836214,-3.2580582623133822,1.0132906185741746
1.221825595156822,-3.296680725277691,0.9938703986676736
1.2813465955180938,-3.2779047406541375,0.9980143400045877
1.2366786256157696,-3.301220404962039,0.9617621731883779
1.2631844410688224,-3.261691364812931,1.0133220752790848
1.2631844410688224,-3.261691364812931,1.0133220752790848
-0.8743306542740029,2.3764556730450863,-0.7293980347967409
-0.8743306542740029,2.3764556730450863,-0.7293980347967409
1.2539312185300895,-3.253618416076572,1.0249234676885959
1.246487615080279,-3.2353397557989627,1.0311386554180098
1.201730728400591,-3.2585148261197254,0.9986479608604343
1.1994447279930192,-3.284191284054234,1.033089725083483
1.1994447279930192,-3.284191284054234,1.033089725083483
1.1994447279930192,-3.284191284054234,1.033089725083483
1.2223611260782186,-3.2691270645746986,0.9703633203208787
1.2223611260782186,-3.2691270645746986,0.9703633203208787
1.2223611260782186,-3.2691270645746986,0.9703633203208787
1.2192598209463594,-3.222878116370849,1.0834387169798017
1.2189827355590792,-3.221113611891607,1.0832739057211824
1.2173998173510192,-3.2200115524930495,1.0858155667040277
1.2173998173510192,-3.2200115524930495,1.0858155667040277
1.2173998173510192,-3.2200115524930495,1.0858155667040277
1.2060846548076047,-3.304284444386881,1.043970943226328
1.2376172560419492,-3.2475840105598386,1.0614541311308547
1.1774211466092666,-3.2269708208217165,1.0365315849826189
1.1932086611778394,-3.267413562896637,1.0344056297295339
1.1701591436052121,-3.332302863317943,0.9961920769590883
1.2102135875724822,-3.2603796445645346,0.9902656890409653
1.219463481066635,-3.2217466250472135,1.085254670126235
1.1640790493275497,-3.3257930979039783,1.0035109838137082
1.1712948620953978,-3.328227174481742,0.9902272196136126
1.2008369055221346,-3.253577236327827,1.0052581758698185
1.218135891737194,-3.2189195505348462,1.086035600918026
1.1940293922836818,-3.291034639067129,1.0548493886430166
1.209433009196463,-3.3134839635553024,1.0459004261471136
1.1638111200954533,-3.3135104965818427,0.9941172311271613
1.1668272168992062,-3.314225012521137,0.9882252135742364
1.2101052107967754,-3.298196630432175,1.0354802601079713
1.2101052107967754,-3.298196630432175,1.0354802601079713
-0.8218447423832768,2.38124421033137,-0.7496768923277558
-0.8218447423832768,2.38124421033137,-0.7496768923277558
1.167968300531078,-3.2518160925869415,1.0754451725348806
1.1360467716926559,-3.298995032624683,1.0476169433305367
1.1360467716926559,-3.298995032624683,1.0476169433305367
1.1360467716926559,-3.298995032624683,1.0476169433305367
1.1321327160727381,-3.2954016286925993,1.0577583644985393
1.1321327160727381,-3.2954016286925993,1.0577583644985393
1.1321327160727381,-3.2954016286925993,1.0577583644985393
1.1321327160727381,-3.2954016286925993,1.0577583644985393
1.1321327160727381,-3.2954016286925993,1.0577583644985393
1.1080299675175875,-3.2481912822687122,1.0742301580934392
1.1034917404993563,-3.2509818577575906,1.0853527185205465
1.0694856871309932,-3.2750244354457374,1.0314059759481504
1.0694856871309932,-3.2750244354457374,1.0314059759481504
1.0694856871309932,-3.2750244354457374,1.0314059759481504
1.1085699648428973,-3.247861327515703,1.0772697738619081
1.1083121486337384,-3.258536165856532,1.0846652370983199
1.1041045933940783,-3.2497790388574073,1.0877039477057289
1.1041045933940783,-3.2497790388574073,1.0877039477057289
1.1041045933940783,-3.2497790388574073,1.0877039477057289
1.0628399943254627,-3.274046645562215,1.0503268447580636
1.0721023448174087,-3.289607200391422,1.0513285495772744
1.0544240261413718,-3.2525236513711384,1.0517425046404654
1.0269414076331227,-3.2966875699471023,1.0054883539544361
1.0533091301281408,-3.2639930682758713,1.0680831662002874
1.014962401129894,-3.293134048366163,1.0269078775765612
1.0103592918483288,-3.2873183108747086,1.0321234755149933
1.051919696365966,-3.2496343135473507,1.0694690755555138
1.051919696365966,-3.2496343135473507,1.0694690755555138
1.051919696365966,-3.2496343135473507,1.0694690755555138
1.0239712909165986,-3.295362866527279,1.0164005181439955
1.0491771005997574,-3.2609273119823086,1.079453657906714
1.012475002108621,-3.2852684696190706,1.0297627015489366
1.0083226473022797,-3.2868635976869003,1.0414808698640068
1.0042301815217527,-3.283070721897909,1.0475111117613012
1.0310223187674896,-3.2070054061253845,1.0810511221839862
0.9967509363428432,-3.235264994729873,1.0298065639119431
0.9938617161371361,-3.232281489415981,1.0342273320694209
1.0088420422998694,-3.2581804397569667,1.0305993613965456
1.0079311853100932,-3.255594879510716,1.030333202128689
1.0057474140415226,-3.2559952008780306,1.0360719748614533
1.0062897149225778,-3.2558665884184785,1.034622367970817
1.0076542425404662,-3.253112744137028,1.028615487804821
0.9973825083505126,-3.2347835297238383,1.0277874907695146
0.9792020734656598,-3.3183940737912008,0.9887824657959178
1.0152069335981255,-3.288005250093535,1.0352875441305271
1.024215447484132,-3.2134224911394433,1.1049785665399807
1.0347302300502044,-3.222813928667901,1.0885050430606895
1.0412300905636755,-3.2256699706466656,1.0761264876348182
0.978195087524278,-3.3169500487461097,0.9901741858170069
0.978195087524278,-3.3169500487461097,0.9901741858170069
0.978195087524278,-3.3169500487461097,0.9901741858170069
1.0412099309379113,-3.2265496379580707,1.0768141731104215
1.018164790923395,-3.2898703298664813,1.0305598954973616
1.0382856267061427,-3.2281972602978946,1.0845291803271773
1.0167863141606361,-3.2689004623674807,1.0222960156182248
1.0226301760658192,-3.292207799288845,1.0223694235151952
1.0226301760658192,-3.292207799288845,1.0223694235151952
1.0226301760658192,-3.292207799288845,1.0223694235151952
1.026331057541369,-3.3067310202305324,1.0291811032446943
0.9649558295814588,-3.3026490426174857,1.0064084769549517
1.0406540569278748,-3.2230235548018547,1.0709615938616268
1.0406540569278748,-3.2230235548018547,1.0709615938616268
1.0406540569278748,-3.2230235548018547,1.0709615938616268
1.0406540569278748,-3.2230235548018547,1.0709615938616268
1.0406540569278748,-3.2230235548018547,1.0709615938616268
1.0272611388039514,-3.3096041263279457,1.0251952118578862
1.0650834794646322,-3.2804764511644104,1.0638649000556935
1.0650834794646322,-3.2804764511644104,1.0638649000556935
1.0650834794646322,-3.2804764511644104,1.0638649000556935
1.0160603006364486,-3.2860227441223144,1.0184360651939408
1.0551560956815826,-3.2591558144947204,1.0600686338208056
1.034482292198118,-3.2971873906994364,0.9887899591477122
1.0120330628579162,-3.286637983624068,1.0355209698495516
1.0729413236120562,-3.2725878040459744,1.034848972805041
1.0133161116421416,-3.3159202863278123,1.052802498245157
1.0494668066180077,-3.271473394896915,1.0823123705715776
1.0479637887630506,-3.2592061460802366,1.076033802267608
1.052493819902153,-3.276932399041858,1.0800396472131955
1.054064508085097,-3.2772928229234277,1.0769214937242384
1.0553694861205039,-3.278326484046004,1.0749092178238993
1.0551750579999852,-3.2777755921631475,1.0748931069237013
1.0220015185424542,-3.3045004677691523,1.0276670834479467
1.0220015185424542,-3.3045004677691523,1.0276670834479467
-0.8267179095059253,2.459386711691362,-0.850666730515179
-0.8267179095059253,2.459386711691362,-0.850666730515179
1.045543303304492,-3.258785992049598,1.0763773866871806
1.0489837735323289,-3.26246874075476,1.0716759968720595
1.0526643964018214,-3.2760086243595303,1.074213485540345
1.0544083205220462,-3.2770955568837628,1.0712784585504544
1.0541987359172158,-3.2613530869019116,1.0592716279456444
1.0480585576650823,-3.2536934003732885,1.0622933693559213
1.0575599919441578,-3.2606525785940987,1.046516037099146
0.971796514568348,-3.3404732157698023,1.0017724032639257
1.0131225979573661,-3.3184202658217785,1.0454736458533693
1.0512554712446915,-3.2615970085884753,1.0613270699709438
1.063133367994513,-3.2669114606762713,1.0427146236598686
1.0001209724458364,-3.297075042962223,1.0452998109066038
1.042316109991523,-3.2844443198819673,1.0942065638997545
1.048403363165853,-3.2597855047155258,1.0615907972705618
1.1037296017910558,-3.256138738446101,1.08913215949495
1.0695934475555524,-3.3103176302816153,1.054743914680128
1.0738652605509975,-3.3157700961961267,1.050146581154169
1.0471482169888824,-3.349847313037472,0.9916222447806349
1.0902152428128842,-3.249867671292949,1.104817066829567
1.0547347279846253,-3.256749082396604,1.0404868602976995
1.0636005538075528,-3.2697188384745415,1.0307932069919625
1.0636005538075528,-3.2697188384745415,1.0307932069919625
1.0636005538075528,-3.2697188384745415,1.0307932069919625
1.0793981061601023,-3.2916925533529917,1.0171409093898405
1.0810002487010146,-3.2922663035476694,1.0140145382113142
1.0701127247785223,-3.272679038125096,1.0136781775226975
1.0851437620299949,-3.2989027607857695,1.010376021353872
1.0851437620299949,-3.2989027607857695,1.010376021353872
1.0851437620299949,-3.2989027607857695,1.010376021353872
1.1301793323126856,-3.215971289794225,0.9749224755625375
1.1302396683938913,-3.2079361333506125,0.9693484294202241
1.0976394774879241,-3.2452073643088597,0.9229874236810124
1.1231404919079486,-3.187727990984674,0.9675467907092139
1.144625047194563,-3.1961138663156152,0.9193890799041637
1.1292893153200882,-3.2224471993380646,0.81514442604461
1.1292893153200882,-3.2224471993380646,0.81514442604461
-0.9017265041366236,2.602923684706602,-0.6872501830918493
-0.9189723145478532,2.6247419279809887,-0.6772305437899392
-0.9189723145478532,2.6247419279809887,-0.6772305437899392
0.5672011201872931,-1.8756217517056377,-0.9114692347167072
0.5811905128536629,-1.8800130927315108,-0.9586549364930622
0.5699832456974996,-1.8829193035063465,-0.9025589184215933
0.6031495043358397,-1.8617095013961216,-0.9767856793516329
0.5762229906522953,-1.9486209978091105,-0.8091688138266894
0.5900095597869213,-1.963958601380766,-0.8475339701499891
0.5796031393214707,-1.9386347714333754,-0.8413873970883665
0.5988910816016576,-1.9984859816809881,-0.8021292335581749
0.5994036599527373,-2.0047221669434707,-0.7905062594812006
0.6041438216722945,-2.0126287582271662,-0.7957012977766758
0.6034642104410408,-2.0169239760210402,-0.7705174950993854
0.6204829705310327,-2.0623050992997887,-0.7426453191185679
0.6309141712981751,-2.030713834983341,-0.826685910352948
0.6336678383556865,-2.064719929468994,-0.7630609369998301
0.6429663397885327,-2.0717774486031177,-0.8171534051625594
0.648333780094909,-2.108492771839192,-0.7406780088295108
0.642671841160941,-2.1062222560285004,-0.7605886475951018
0.657111017020137,-2.1324503565847452,-0.7090793295449467
0.6726345957936453,-2.1682973148884748,-0.7073112468065937
0.660474957605268,-2.112473417004918,-0.719381320090645
0.6898208840877049,-2.183126989496468,-0.7471295709710647
0.6898208840877049,-2.183126989496468,-0.7471295709710647
0.6898208840877049,-2.183126989496468,-0.7471295709710647
0.6898208840877049,-2.183126989496468,-0.7471295709710647
-1.0042556512544591,2.335691492553802,-0.7875412203763649
-0.9593875199475693,2.4652773849758285,-0.6714764976500369
-1.003474500773437,2.4043199905711594,-0.7407771720989099
-0.9609649776557465,2.4676811111661845,-0.6778490020665019
-0.9760836757114001,2.4935944673017953,-0.6538629376221559
-0.9630030142370893,2.518263899586923,-0.6137093769810189
-0.9501352323379731,2.507942305564844,-0.5974229113209822
-0.9674026121753885,2.5068903194626184,-0.597767030438537
-0.9722869058450716,2.5441980964566433,-0.5503122499971879
-0.9511541881231529,2.5690251385233704,-0.5193381151401395
-0.9465774307987077,2.5475252090689184,-0.5053997113608119
-0.9468996279899087,2.5890653096120197,-0.4864553088102318
-0.9655922305533213,2.616221969966836,-0.45432297618136674
-0.9583526112379928,2.6011524700927184,-0.4668844058482991
-0.953662322158282,2.5907238990369863,-0.44524703386668624
-0.9689532300297697,2.642648863553051,-0.44670982885558874
-0.9951961869052005,2.727387925797506,-0.3839302265872073
-0.9829845072115767,2.7043986517992247,-0.39691079387800426
-0.9773237326899553,2.7068951263406453,-0.3619989640494555
-1.0037984702543232,2.7369483110836192,-0.331990808554284
-0.9859235727742165,2.74537192196722,-0.3233490407101015
-0.9777972957818155,2.7406534294648957,-0.3521327934236805
-0.9780642089372398,2.7601275820365454,-0.3163101066470216
-0.9835391634171055,2.748985184474224,-0.3131536501525133
-0.9738704415494291,2.752286141761465,-0.28791335355170594
-0.9903132724082426,2.7772891277486904,-0.313813536419875
-0.9991832749088488,2.812261524653546,-0.2713517317136284
-0.9728182034656543,2.7720860086085772,-0.24109297149142106
-0.9897537045596558,2.8123133389319483,-0.2483746889201206
-0.9823344886845372,2.829958153065203,-0.22019148822666157
-0.9823344886845372,2.829958153065203,-0.22019148822666157
1.0619500618825237,-3.0356325336101375,0.18330023740646129
1.0619500618825237,-3.0356325336101375,0.18330023740646129
1.0619500618825237,-3.0356325336101375,0.18330023740646129
1.0619500618825237,-3.0356325336101375,0.18330023740646129
1.0619500618825237,-3.0356325336101375,0.18330023740646129
1.0563106218841125,-3.0235314743155572,0.0991035220583873
1.0563106218841125,-3.0235314743155572,0.0991035220583873
1.0563106218841125,-3.0235314743155572,0.0991035220583873
1.0612935265363503,-3.0607201594077935,0.01349645214539012
1.0612935265363503,-3.0607201594077935,0.01349645214539012
1.0612935265363503,-3.0607201594077935,0.01349645214539012
1.0612935265363503,-3.0607201594077935,0.01349645214539012
1.0218427542108073,-3.004287519988119,-0.0777252716663211
1.000113226271152,-2.947184314037946,-0.11326646219719624
1.000113226271152,-2.947184314037946,-0.11326646219719624
0.926533839354754,-2.6379583003032554,0.05341893673562485
0.90060939701518,-2.511663148862616,0.11418439375562933
0.9236732760920886,-2.632389195821863,0.06022364391864429
0.9236732760920886,-2.632389195821863,0.06022364391864429
0.9236732760920886,-2.632389195821863,0.06022364391864429
0.9236732760920886,-2.632389195821863,0.06022364391864429
0.9236732760920886,-2.632389195821863,0.06022364391864429
0.8989538497724465,-2.626730831172463,0.0898400710891839
0.8989538497724465,-2.626730831172463,0.0898400710891839
0.8766596097515985,-2.5941807271004125,-0.06068547716354627
0.8766596097515985,-2.5941807271004125,-0.06068547716354627
-0.9418083532148848,2.907125136864517,0.06641972870591478
-0.9418083532148848,2.907125136864517,0.06641972870591478
0.9919592306464342,-3.070914195357533,-0.12974525757888425
0.9919592306464342,-3.070914195357533,-0.12974525757888425
0.9919592306464342,-3.070914195357533,-0.12974525757888425
1.0116590104254533,-3.0904069371784777,-0.027476833484120392
1.0116590104254533,-3.0904069371784777,-0.027476833484120392
1.0116590104254533,-3.0904069371784777,-0.027476833484120392
1.0116590104254533,-3.0904069371784777,-0.027476833484120392
1.0116590104254533,-3.0904069371784777,-0.027476833484120392
-0.914763214859721,2.777252852842039,-0.09919600540583189
-0.8984500287367835,2.7575346088304014,-0.08550854095690631
-0.8744540037735646,2.7393081050798616,-0.13938610858292433
-0.8744540037735646,2.7393081050798616,-0.13938610858292433
-0.8744540037735646,2.7393081050798616,-0.13938610858292433
-0.8744540037735646,2.7393081050798616,-0.13938610858292433
-0.8744540037735646,2.7393081050798616,-0.13938610858292433
-0.8744540037735646,2.7393081050798616,-0.13938610858292433
-0.8744540037735646,2.7393081050798616,-0.13938610858292433
-0.8744540037735646,2.7393081050798616,-0.13938610858292433
0.9214935762502983,-3.2098064748092754,0.5287052684595153
0.9214935762502983,-3.2098064748092754,0.5287052684595153
-0.7661649567119243,2.7743896626251328,-0.4898248364426524
-0.7341495197858025,2.6803171460479587,-0.5200744872813178
-0.723116650210358,2.708817364912357,-0.45121236944124704
-0.7251623363818839,2.724827251908207,-0.46336088043749857
-0.6975990068790077,2.6080884479495237,-0.5127794332202118
-0.7252056812895052,2.6620550646456276,-0.5053554586668437
-0.7331547466308626,2.6572377629619903,-0.545818844981376
-0.6952299302950764,2.6127288970888927,-0.5582010390502246
-0.7177928687308411,2.637989408771127,-0.5627274369422759
-0.6669511891704851,2.548885292049594,-0.5659863646880653
-0.6486616378384132,2.5246099878132857,-0.5841169017351209
-0.6563341542681065,2.5052898488872475,-0.6295672768632548
-0.6466632301353636,2.5128592183909166,-0.6201243458236857
-0.650990716679196,2.4620578659324868,-0.6608783075577755
-0.6435324088172105,2.4782601101047357,-0.6316262356767798
-0.6330182265097622,2.4372719730667463,-0.6104676646587357
-0.6474613598952074,2.4211070320489925,-0.6252008806585126
-0.6523967294911015,2.4111914095963174,-0.6206082814339073
-0.6694360174316188,2.401570330383508,-0.6464018148482659
-0.6544800997447926,2.3964107575183498,-0.6089284349796192
-0.6544800997447926,2.3964107575183498,-0.6089284349796192
0.6013433865438246,-2.1921656298916163,-0.8248477255175258
0.6013433865438246,-2.1921656298916163,-0.8248477255175258
0.6013433865438246,-2.1921656298916163,-0.8248477255175258
0.5944298393695474,-2.129712623574595,-0.8265198313809128
0.5960519167741207,-2.1329416619588226,-0.8270289582853569
0.6129067754429951,-2.121951912407977,-0.8821732575301175
0.6161363044568497,-2.083111937698157,-0.915275285787102
0.5884339694897773,-2.059379197758895,-0.8717843426909029
0.5949291819738731,-2.0342163202887478,-0.8813025648264581
0.5890182332762682,-2.013517525286094,-0.8656736856068562
0.5953910210298978,-1.9793609876339457,-0.9192953467050777
0.5934218965166121,-1.9994667265905908,-0.8718981436578881
0.5830572434501962,-1.9852370831377746,-0.8653723672788428
0.5878443504837347,-1.9458543456374537,-0.8805961746048582
0.581409321781332,-1.95061437604583,-0.8594094719041833
0.6060740311501931,-1.9391401642365433,-0.8986313562436794
0.5914945150529534,-1.9186458022148987,-0.8858724142438236
0.6154391471678441,-1.888690282069483,-0.9519618331671562
0.5964628410266353,-1.8944385399021653,-0.8850891257559639
0.5943362829052377,-1.864086039689868,-0.906289985423679
0.6089412318730049,-1.8623269537952498,-0.9365110425156764
0.5955489082563665,-1.8664565267316628,-0.8870980436974579
0.6271199517531467,-1.8522491825362266,-0.9395409548108473
0.616003798099789,-1.8134218647028808,-0.9298477615402441
0.605107599823053,-1.8509128107889596,-0.8941369990979988
0.6273708636224777,-1.8537491989188493,-0.9155911623487543
0.6150422738758827,-1.8700811296327542,-0.8830210067068969
0.6341175690146321,-1.8111078331126365,-0.9488718729770965
0.6203615342165242,-1.852010904477142,-0.8895749427919806
0.6297235464603802,-1.8687374934133791,-0.8683882140323815
0.6177512543385756,-1.8575634056080397,-0.8225229696530104
0.6552899805144746,-1.8929337220535642,-0.8939527709858895
0.6629868439785978,-1.8783536297577021,-0.8965060610172301
0.6664870827153552,-1.8887041167110388,-0.8735117783510347
0.6671111243070139,-1.9180843243562957,-0.8316715240341268
0.6792783507741683,-1.925039075173419,-0.8122174217801807
0.6938563427440942,-1.9322301000365265,-0.8045695055873728
0.7281986108075096,-1.9686097587199465,-0.8488255400969016
0.7470031044884732,-2.003391994331714,-0.8397403192976539
0.7587933935743633,-2.0060433911910374,-0.8459874582600432
0.7385368750413241,-2.0061472377431904,-0.7817591421948857
0.7447984224217098,-2.0160098043436987,-0.7806499415466102
0.7486320559007542,-2.014697184953901,-0.7774038669616797
0.7566587428095022,-2.044066225208034,-0.7705829620873349
0.7566587428095022,-2.044066225208034,-0.7705829620873349
-0.8494644637191328,2.335415444316052,-0.4631089034386445
-0.8494644637191328,2.335415444316052,-0.4631089034386445
-0.8494644637191328,2.335415444316052,-0.4631089034386445
-0.8825750945857352,2.3338454295285604,-0.48361543562563675
-0.8627298814909663,2.3483171247572536,-0.440158957185189
-0.8964583848678345,2.2565011705688707,-0.5565853234638746
-0.8891923977387556,2.2691861456041997,-0.5366988368231022
-0.8640897214199627,2.326902816184923,-0.4705616937184352
-0.8918338511854291,2.255453770540077,-0.5495242587820173
-0.8422312685319719,2.3535709851073636,-0.4199044913196521
-0.8601667730590953,2.3423520448946937,-0.4516231079483388
-0.8566766876965916,2.340707369765899,-0.4423319837097317
-0.8840109965917268,2.313292261742419,-0.495063664242916
-0.8581489639138179,2.3665516244259135,-0.4061723130628153
-0.8724542603160267,2.360567786201569,-0.4195959034877571
-0.8892499938465054,2.350617941886293,-0.4390996937060165
-0.8795443910185844,2.365962192046595,-0.4044100901059164
-0.8891702461579467,2.3644028385373432,-0.4203663575313642
-0.8833792827866733,2.353623575910856,-0.42696603803189637
-0.8740110205945865,2.3737858613122027,-0.3854481698510183
-0.8781670010944157,2.37063130380223,-0.39757603864637825
-0.8923067657745,2.370807050761833,-0.4222748870445873
-0.875704127191165,2.3649616453636506,-0.4126325291575673
-0.8716959951639484,2.3671119533831213,-0.40661978284266787
-0.8680446211466404,2.3659317782620635,-0.41760707148922954
-0.883174001540467,2.347288192183389,-0.4577419337846493
-0.8602338919789971,2.3424444753327074,-0.45013647793108535
-0.8770187616082596,2.3406667170344453,-0.4689158026655034
-0.8465740150933834,2.3402748838621714,-0.45343299841478224
-0.8465740150933834,2.3402748838621714,-0.45343299841478224
-0.8465740150933834,2.3402748838621714,-0.45343299841478224
-0.8465740150933834,2.3402748838621714,-0.45343299841478224
0.7029729980077095,-1.9562339832542874,-0.7757721641583889
0.7033039243911456,-1.940050959005035,-0.810843007644084
0.6913464327249139,-1.9232711114160403,-0.7926826276659606
0.7007317029604385,-1.9516446936646148,-0.8219545537402411
0.6877684727328011,-1.9063511803141953,-0.8320439648173599
0.6713649448700286,-1.894441066150469,-0.8265567125032586
0.6570498805395697,-1.878827478542716,-0.7857656190243888
0.6349806935808131,-1.8342266430832619,-0.8099631989452766
0.6554167917484635,-1.8568059671439041,-0.8404392603794341
0.6537656897771068,-1.8205296034529435,-0.8571153001294856
0.6505905042089323,-1.8183236208701241,-0.8717108160310492
0.6426482011141084,-1.8161013878539038,-0.8651026506455013
0.6416080515858293,-1.7007012660664853,-0.9368291603272162
0.6416080515858293,-1.7007012660664853,-0.9368291603272162
0.6416080515858293,-1.7007012660664853,-0.9368291603272162
1.1027624247643726,-3.518421403924254,0.6539169756357388
1.1027624247643726,-3.518421403924254,0.6539169756357388
1.1027624247643726,-3.518421403924254,0.6539169756357388
1.0714987729278769,-3.517739730829195,0.714918370829917
1.0879954724509246,-3.5551499503767006,0.7056010344578272
1.0879954724509246,-3.5551499503767006,0.7056010344578272
-0.7170665861876004,2.335499435125487,-0.4633323557977402
-0.7170665861876004,2.335499435125487,-0.4633323557977402
1.0952610281576711,-3.55713032459853,0.6977863395045613
1.1334200548972437,-3.538197205872628,0.7492821207657077
1.1334200548972437,-3.538197205872628,0.7492821207657077
-0.7857469813774933,2.3670225297392995,-0.5462823994919805
-0.7204321433968929,2.353222728511092,-0.4673481235124699
-0.720233444371207,2.3501452870418125,-0.46534014385224587
-0.718358745293301,2.3335485108762923,-0.46302388356449087
-0.7197018597649111,2.3361550324141556,-0.46211024457495503
-0.7239672804611733,2.345345790473684,-0.4598853942469334
-0.7239672804611733,2.345345790473684,-0.4598853942469334
1.0935768346017072,-3.552783796417538,0.7031776748340627
1.0941443956062327,-3.5503538287081,0.6994043110267397
1.0911444404606514,-3.550023378042595,0.7057926440474285
1.1324546853370452,-3.5391449260397234,0.7626207394730291
1.0918723550318417,-3.5519062468245157,0.706087381526484
1.0996176976242067,-3.5646140134810333,0.7123568772895521
1.0996176976242067,-3.5646140134810333,0.7123568772895521
1.0996176976242067,-3.5646140134810333,0.7123568772895521
1.0711526956755264,-3.593525101197269,0.6489032327499662
1.1072378826091376,-3.5349787413244895,0.6660887033808622
1.158663075888487,-3.454731287190805,0.6221551952997199
1.158663075888487,-3.454731287190805,0.6221551952997199
1.158663075888487,-3.454731287190805,0.6221551952997199
1.158663075888487,-3.454731287190805,0.6221551952997199
0.6586281482185867,-1.773892648168142,-0.8277697021780094
0.6583150183002048,-1.7794655564762216,-0.8068905818268127
0.6653494311513468,-1.8138722094471587,-0.765916072509983
0.6969294474143938,-1.8091358813897598,-0.8170588273412943
0.7034372529902582,-1.8386297420847322,-0.80085461598698
0.7032340449534014,-1.8305108314013387,-0.7928855864025827
0.7149869848351581,-1.8701346867695625,-0.7744663563521236
0.7268481000885636,-1.8853337347419103,-0.7751916224221285
0.6990553912637214,-1.8519449325412083,-0.7394569110872424
0.7192202006378664,-1.8741358718553853,-0.7672964386049014
0.7319740286304286,-1.8855319008472824,-0.7682523594296565
0.7310867638844109,-1.911262736479024,-0.7530064671868704
0.716826878296735,-1.890056710554207,-0.715466524489909
0.7397938471542628,-1.9102578930361875,-0.7506989073809167
0.7488865986306775,-1.940126995511869,-0.7373265423683786
0.7535907323044005,-1.9445311241830279,-0.7344976984820426
0.7714634178905596,-1.94238143877874,-0.7769257871725576
0.7826479985311512,-1.9741398786145465,-0.7784326143269833
0.7787408845426829,-1.9779103632905117,-0.7772219907097462
0.7881039733579626,-1.9975679106667736,-0.7708712401014756
0.7761469326789042,-1.9936116261825727,-0.7704840071011959
0.7720099630012015,-1.98325450645019,-0.7714251959587821
0.7454773375880889,-1.9498904987079193,-0.7237817715119368
0.7666267954123234,-1.9747800142208272,-0.772490056531413
0.7406808055694452,-1.9485107724413187,-0.7220869466156844
0.7756410073818024,-1.9943070917419252,-0.7696091617842672
0.7758314072350215,-1.9918771431567235,-0.7548555808953564
0.7724094791613672,-1.9794803334269637,-0.7653259844454718
0.7708680134679053,-1.9755705427822132,-0.7596483363632034
0.7677085367057712,-1.9526671500963688,-0.7721808337640931
0.7605030668831914,-1.9395803546662436,-0.753243642704361
0.7470814425161552,-1.946520488595918,-0.7243225356313076
0.7491406302636797,-1.9515379126956014,-0.7117785524376747
0.7667245010688071,-1.945487039539756,-0.7705754073481627
0.7650360758837214,-1.942124425836023,-0.7696228570546081
0.7576532483847336,-1.9317189446130065,-0.7702783579937712
0.7423350924319079,-1.9246961154721602,-0.7302989897240516
0.7416582679257776,-1.9156264399825131,-0.7247692678622852
0.7642716115739526,-1.929788744681221,-0.7769783167247248
0.7613844805153572,-1.9296209703075595,-0.7693821500912528
0.7450149298620928,-1.929533861309954,-0.7226720586951204
0.7419366567435751,-1.9059779618660568,-0.726031694915854
0.7489599826744521,-1.9125755577123196,-0.731382019369984
0.7662378866250176,-1.9259721759345603,-0.777414567053758
0.768494435659892,-1.923673455994245,-0.7751735161695883
0.7654954324046742,-1.922858099139314,-0.7633633264420429
0.7718465710220006,-1.9361660696891905,-0.7728050748178433
0.768617382171945,-1.9253563826912719,-0.7755828093369352
0.7661477028708512,-1.927361798359342,-0.7736628075178835
0.7403233105881623,-1.8991493556787569,-0.7129309806105684
0.7592559323256519,-1.924175833587066,-0.7538242152767087
0.7405193332450449,-1.9132541435691672,-0.7051476327480642
0.7466725624779318,-1.935541378777612,-0.6978634736435063
0.759798008366264,-1.9251171780358618,-0.7532731801547278
0.7574568218752904,-1.9367551986660585,-0.7490151673146117
0.757477376280343,-1.9491860791513957,-0.7435834182174186
0.7577934562233977,-1.9506020019784696,-0.7428305998234149
0.7588233098428782,-1.9452200581668624,-0.7370074096355388
0.760132845514921,-1.9460854933961247,-0.7337807706613735
0.7690646953578252,-1.9362729499076026,-0.7736882767649047
0.7661078302503992,-1.9394234019736643,-0.7742517442600088
0.7717913390102876,-1.9560824061185222,-0.7606046558590898
0.7679417484953673,-1.9606765879025345,-0.757065446104641
0.7739619769454642,-1.9720261838141409,-0.7511831728364521
0.771172831104233,-1.9750841950309346,-0.741974393152054
0.7733778977646601,-1.9758444048271842,-0.7404569187648399
0.7653899763525488,-1.9485894923782778,-0.7479325393199701
0.7677444418465305,-1.9479397543385943,-0.7618158769733954
0.7704146432778243,-1.967050208591132,-0.7340790956044333
0.7726239802594617,-1.9343915958175677,-0.7842674062937657
0.7596099679668256,-1.9467588441677235,-0.7307438178158758
0.7569327576660254,-1.9391599330543305,-0.7303759846562886
0.7530957816761817,-1.9424025365192041,-0.7103897668105056
0.7530957816761817,-1.9424025365192041,-0.7103897668105056
0.7530957816761817,-1.9424025365192041,-0.7103897668105056
0.7489913295425417,-1.9372528903051573,-0.7050888971979167
0.756290296864225,-1.9570512469464656,-0.7006291345240094
0.7549290003675024,-1.955419332083117,-0.6948710856307487
0.7491629910248395,-1.951998284582192,-0.6975276781551297
0.7466569018307946,-1.9486900805253673,-0.7011196469954555
0.7500200794727533,-1.9464540691214487,-0.6910828480257805
0.7498113799584227,-1.9436598337753717,-0.6814170729253453
0.7848357383526297,-1.9643339451089192,-0.7605351195657043
0.7812663416307114,-1.9610001021985883,-0.7656839788452664
0.7836735754299985,-1.9700185439304323,-0.7608007838956309
0.760961074524509,-1.9413003546325993,-0.7050735232917105
0.7617772210005409,-1.9559185403495378,-0.70094944164139
0.7743720786596547,-1.9659384187692575,-0.7424914428095609
0.7652793280589284,-1.9481759849486566,-0.7387191470261979
0.7686668521735301,-1.9735762010393403,-0.7225981888302015
0.7558552102497474,-1.9380136707028355,-0.7261297087234834
0.7710547137231112,-1.9584979571736465,-0.7471075617921036
0.7691207119395747,-1.9656301723262253,-0.741898098095611
0.7468194314449633,-1.9495624961566,-0.6851882363119651
0.7458972594792203,-1.9563513705546804,-0.6859874718457628
0.7581398395154239,-1.9468429956561977,-0.7212462601965268
0.7622661002663018,-1.9689183657991767,-0.7137547282581801
0.7611476566883155,-1.9612044304429441,-0.7036303081650468
0.7560205978139461,-1.958590162977837,-0.7048741054238192
0.7693388747138736,-1.9617081533273604,-0.7327099875475033
0.7654353352015905,-1.9595325777313608,-0.7273726361617019
0.768137060746881,-1.9668263159608068,-0.7249260130659635
0.7771915551476981,-1.9776390319342907,-0.7104400795627899
0.7771915551476981,-1.9776390319342907,-0.7104400795627899
0.7771915551476981,-1.9776390319342907,-0.7104400795627899
0.7771915551476981,-1.9776390319342907,-0.7104400795627899
-0.9326295133036365,2.2561410092126013,-0.497007965597336
-0.9171568636763118,2.288151702847757,-0.43855439586911726
-0.9150785653138913,2.3544961835514724,-0.37209273290794237
-0.9449001150455412,2.3331773186436857,-0.4036903888107441
-1.0505845205908224,2.1359711160872994,-0.6369608230764222
-0.936321484217035,2.38940495853689,-0.3195643592131704
-0.9407468579553545,2.394459410147542,-0.30528728288991075
-0.940679905126897,2.385513164851991,-0.31012337062327017
-0.944605812418106,2.453632022595775,-0.22538085074114886
-0.9532293681462253,2.476773826429184,-0.21343046200147076
-0.9532293681462253,2.476773826429184,-0.21343046200147076
1.2861691113043703,-3.3261809930540833,0.2284248332288695
1.3004195829759837,-3.338883106346257,0.22449787728855936
1.2942766072338974,-3.3034767732219974,0.1908681535898992
1.2960424463065223,-3.2253981058381487,0.180690096456982
1.296292435502342,-3.2467678535495605,0.1715962275451867
1.2979787567955134,-3.2758951865113763,0.18305883869495465
1.2942301477450948,-3.2250867786607653,0.18816085051004677
1.2939236158429661,-3.2592645054566445,0.170367825241026
1.29504900202623,-3.2348899638390245,0.1936132071381738
1.2929884168332308,-3.2797026147835044,0.20000770916415062
1.2843245430804204,-3.262550095442898,0.18036957777577844
1.2851508408984358,-3.269895728308245,0.22438443019722654
1.2849846875930167,-3.2732527866709624,0.19157799937589923
1.2929735619918832,-3.2636893367734494,0.21462308748633804
1.2934784197839562,-3.232570159793853,0.1963447745386146
1.297438652778376,-3.252187619075972,0.2086174254323974
1.2935731959692072,-3.19586909626374,0.20108087309216463
1.2942314748155466,-3.210084977628602,0.17585657627764587
1.295820907472365,-3.2350083651356907,0.17498171583066077
1.2970333898186754,-3.229060158828408,0.17423775288791196
1.2963267016111342,-3.2072389824342955,0.16072172032096957
1.2942627233044288,-3.201650827876393,0.16598752859867028
1.2987748167360615,-3.2060225538898948,0.16633974936134271
1.3051617280845527,-3.210496082041074,0.1502820332500748
1.3077896549428953,-3.2035613500774844,0.1695223686920319
1.3141691388381618,-3.206128799085137,0.1560898045257673
1.304110679917345,-3.1993673495367925,0.1546646999110051
1.3059348546421206,-3.175790180243303,0.17007785252059177
1.3118855935998934,-3.194822964835972,0.16278237362056686
1.306601799373164,-3.1603188496986996,0.1513808921500545
1.30529580847367,-3.1618481658737956,0.144212449819669
1.312052659731913,-3.1492619982514403,0.15634867339185873
1.3071881006524768,-3.1644619108717946,0.1509047713269949
1.3087110417141095,-3.1479773841959067,0.1482156118926104
1.30896455125432,-3.1518117130390655,0.15227628130961465
1.3111141925692265,-3.155226067717991,0.17185076300870225
1.3172025170358768,-3.193055943639874,0.1878804830135755
1.3066749491630316,-3.1942060318083407,0.2097313805966958
1.3090461905014759,-3.2388667097673745,0.256636270170456
1.3141190142598311,-3.271303143763903,0.3104919903912599
1.3141190142598311,-3.271303143763903,0.3104919903912599
-0.9682892369022654,2.3691547326825164,-0.4158978660716862
-1.095231905898778,2.0684984529299952,-0.7681464735862433
-1.095231905898778,2.0684984529299952,-0.7681464735862433
0.7913113942824783,-1.9187181234756558,-0.8291911298451349
0.7852371459242807,-1.8801341225824155,-0.8892257182802703
0.7401357475506594,-1.8483139388225227,-0.8532330474165761
0.7450896199440171,-1.7948945394155256,-0.9475039188704375
0.7450896199440171,-1.7948945394155256,-0.9475039188704375
0.7450896199440171,-1.7948945394155256,-0.9475039188704375
0.7450896199440171,-1.7948945394155256,-0.9475039188704375
-0.8509939463889977,2.357612106827115,-0.5454388546712645
-0.8054105812180856,2.307681375152857,-0.5925250063778016
-0.8054105812180856,2.307681375152857,-0.5925250063778016
-0.8054105812180856,2.307681375152857,-0.5925250063778016
-0.915959092130245,1.9503664694794576,-0.8550096216669032
-0.915959092130245,1.9503664694794576,-0.8550096216669032
0.6374393850059681,-1.4566622200941166,-0.7288002982254733
0.6476162592891319,-1.441850979516662,-0.7644959269053249
0.6830743212160325,-1.3188404369976576,-0.8671420838955418
0.6830743212160325,-1.3188404369976576,-0.8671420838955418
-0.7477037235519022,2.169289192613528,-0.5186498138472976
-0.8297614385117716,2.2060759918304464,-0.5659203045250448
-0.8297614385117716,2.2060759918304464,-0.5659203045250448
1.3256891443907106,-3.525071495757714,0.7448816016185231
1.3256891443907106,-3.525071495757714,0.7448816016185231
1.3256891443907106,-3.525071495757714,0.7448816016185231
1.3256891443907106,-3.525071495757714,0.7448816016185231
0.7625927966554487,-1.7203224111906343,-0.7960576581805325
0.7698150956869177,-1.7531776769223557,-0.7447362665966843
0.8091061185161645,-1.809718831110272,-0.761381948436619
0.8332041158596637,-1.8341351628724605,-0.7357501495772374
0.8431450564822328,-1.853924833701383,-0.7198408699244391
0.8789267098609976,-1.8801296427802474,-0.7353306110061653
0.8789267098609976,-1.8801296427802474,-0.7353306110061653
-1.1029494897152434,2.1465882182572615,-0.5426076306528699
-1.0532563813679658,2.250469959441039,-0.3938102027516604
-1.0897204677514851,2.2064936382922133,-0.4444273656871162
-1.0897204677514851,2.2064936382922133,-0.4444273656871162
0.9905033711876764,-2.0539309768009653,-0.6756941117379456
0.9905033711876764,-2.0539309768009653,-0.6756941117379456
-1.0953103236365405,2.313952174049807,-0.3325588840228983
-1.041836552895206,2.3696805299717028,-0.1780518394629316
-1.041836552895206,2.3696805299717028,-0.1780518394629316
1.4598006665261252,-3.2636123764324725,0.18410843089146323
1.4580069755500817,-3.2785373027810274,0.13866835378843276
1.4635378825813259,-3.2556225575880577,0.11110170729229057
1.4758485738232596,-3.232949929756294,0.08860665597097703
1.4911340001875144,-3.2113561547737506,0.08123453227268976
1.491008178500636,-3.1999210083197287,0.060364973795265876
1.4821060941264403,-3.192059609621677,0.021942142321903915
1.4825609244072722,-3.143248425042466,0.004146666327994519
1.4825609244072722,-3.143248425042466,0.004146666327994519
1.4804224839475564,-3.128096713244274,-0.02408291225893281
1.4704727380827667,-3.122502442580073,-0.05888772740221903
1.4620982884306861,-3.0949109111601354,-0.045050205423166366
1.4760284496822538,-3.1252878014074352,-0.0694475936267871
1.4717616743570063,-3.1177417135713097,-0.07900657116288251
1.469765363220934,-3.087590536278013,-0.05532423004287558
1.4804686768771083,-3.082275580639363,-0.051363715507411305
1.4807993924225713,-3.106662227784022,-0.06838203706067617
1.4822035103856783,-3.1277656598921504,-0.0760667564002003
1.4830566942474313,-3.1291114057164084,-0.07861630539291298
1.4771186851078322,-3.1038975582182378,-0.06954901735686324
1.4854220075722033,-3.1203694105124966,-0.0701560531723909
1.4735062586519292,-3.122712621528003,-0.10992289186336114
1.4822552657050287,-3.102965777871128,-0.07100286396628462
1.489789059130389,-3.095646072867253,-0.03478639496348393
1.4941871897001122,-3.0887079795545516,-0.024613820754118776
1.4928749110677655,-3.123881922876618,-0.06038117895503147
1.4969644774983109,-3.110913744424619,-0.04063138562576661
1.4974383940444693,-3.1030934886556105,-0.04567789256932814
1.5057331330602988,-3.1162839113288965,-0.060373868966192186
1.5093847875547677,-3.115892920433929,-0.02831176862298213
1.5015246115655296,-3.0796754601168606,-0.039712140995113186
1.5086452246174307,-3.0873239108720907,-0.08668003299081077
1.5001798265589872,-3.1160635882200287,-0.06941982101929507
1.5222429311876682,-3.1157024301643066,-0.0229011079207334
1.5107455513762629,-3.132280289737352,-0.023126350234343108
1.5107455513762629,-3.132280289737352,-0.023126350234343108
1.5238064478229054,-3.1507561308717627,0.04828486684433615
1.5106134318357554,-3.1639926004256798,0.060594569119351904
1.5172667695490272,-3.219542550564769,0.10631484220476069
1.5096328031131159,-3.226578567146663,0.13316388243980776
1.5073183544765867,-3.3092915035888697,0.20521070239267358
1.5073183544765867,-3.3092915035888697,0.20521070239267358
1.0319500915997921,-2.011574586119484,-0.7169691117547711
1.000457504085565,-1.971395561604635,-0.6868370414162256
0.970846367221817,-1.9362422977508642,-0.6735879484638058
0.9687110693252141,-1.9060779156502405,-0.6992693180196505
0.949480312658921,-1.881127438480589,-0.6776333824991151
0.9188993096204671,-1.8512174200931382,-0.6531294884369188
0.9225926788152427,-1.79875009531315,-0.74148901989267
0.9001728708373893,-1.825237801994692,-0.6487150793437423
0.8915451288943783,-1.8001512403082107,-0.6451440330407331
0.887593274913321,-1.7636358720230194,-0.6571509158041332
0.8715508763218446,-1.722507040617456,-0.624199648272241
0.8921205450917524,-1.7082378754796133,-0.664738736742467
0.8937315993612375,-1.6963847376585348,-0.6423132090561825
0.8939248692584242,-1.7001344226704642,-0.6353710240236509
0.8957166302411728,-1.694126652350749,-0.6160005083070086
0.9092943979210393,-1.68272172780117,-0.6460495256136125
0.9092957738844519,-1.6678604925293021,-0.6535246171748027
0.9050083626240809,-1.6977463000830586,-0.5874166850812692
0.9221737120687655,-1.6826757461634738,-0.633035496976754
0.9322237489748899,-1.6966161017156467,-0.626924488716678
0.9314923735044655,-1.676486141387031,-0.6333985196904858
0.943618075416107,-1.7033668529246067,-0.6242510168607636
0.9311303763381631,-1.72587278197749,-0.5997378930538122
0.9486415401262285,-1.7119823374103715,-0.6473912524296664
0.9317684755189571,-1.7328955214862891,-0.6053438296454279
0.9395977258616568,-1.7496549173826685,-0.5981378675650779
0.9572176621675542,-1.7884235749766777,-0.5989540693764853
0.9600911688641218,-1.7924317456674934,-0.606850537659235
0.9666285838054766,-1.8061010486031739,-0.6099676232472022
0.9666285838054766,-1.8061010486031739,-0.6099676232472022
-1.0935562663391234,2.0983594293918157,-0.3892085465000605
-1.0889026357603904,2.1793790035802343,-0.3472111127305547
-1.1108943737959778,2.197108414528051,-0.38709489267215946
-1.1279293509181636,2.2309873181448285,-0.41785208867068196
-1.1279293509181636,2.2309873181448285,-0.41785208867068196
-1.1279293509181636,2.2309873181448285,-0.41785208867068196
-1.1031190437927294,2.394689983522118,-0.31204116670532034
-1.1031190437927294,2.394689983522118,-0.31204116670532034
1.452000522626918,-3.1559224086902837,0.24727632080117398
1.4466515108442373,-3.148500951931384,0.1695405161272906
1.4317454951706392,-3.0586260517129826,0.15495402659827842
1.4283600702022201,-3.002862520496545,0.09539412240862663
1.41150517020243,-2.9596120658576495,0.01120670553427537
1.4168876281512472,-2.9621182244223583,0.027238569423030844
1.4168876281512472,-2.9621182244223583,0.027238569423030844
1.3906443647776239,-2.8790057704626086,-0.0759330555233897
1.3587700096887185,-2.8695839375353196,-0.09306015912425074
1.3587700096887185,-2.8695839375353196,-0.09306015912425074
1.3587700096887185,-2.8695839375353196,-0.09306015912425074
1.3587700096887185,-2.8695839375353196,-0.09306015912425074
-1.4414854306186669,3.0081165925041002,-0.2763883283652386
-1.401709222621189,2.961803358092664,-0.2781964868471494
-1.4203857929196093,2.9710138783201354,-0.36011996842936167
-1.422791014171615,2.9924892073493927,-0.29558529354874946
-1.38899344426953,2.9565270565368578,-0.36402139244075477
-1.3850938365885967,2.9647575309705774,-0.3903748812217453
-1.3750738412030044,2.9558659739330637,-0.4338134105504432
-1.4072057659771011,2.9870028777602724,-0.387397002405867
-1.385418907168233,2.9534112643419137,-0.36637416248572385
-1.4255422607565387,2.9586284571663337,-0.4333846170522892
-1.3926870150644188,2.9133993442929818,-0.4162310918208357
-1.4101732217167697,2.911376803892648,-0.4702101035646049
-1.4559525804564841,2.930899978521853,-0.4622404624042083
-1.442906177500511,2.8988096335290603,-0.49905538676542804
-1.4621372284876313,2.8738594858536195,-0.5590053883215178
-1.4961705564807892,2.880106121010479,-0.6452470989767672
-1.501041306219401,2.8465115637652274,-0.6496905047502749
-1.5225867243786797,2.8725791723699867,-0.5135974695115983
-1.5225867243786797,2.8725791723699867,-0.5135974695115983
-1.5225867243786797,2.8725791723699867,-0.5135974695115983
-1.6355887547232255,2.9384749290345438,-0.561176350037102
-1.6355887547232255,2.9384749290345438,-0.561176350037102
-1.6355887547232255,2.9384749290345438,-0.561176350037102
-1.6355887547232255,2.9384749290345438,-0.561176350037102
1.349284788923812,-2.3478518898156375,0.32092906320319986
1.349284788923812,-2.3478518898156375,0.32092906320319986
1.349284788923812,-2.3478518898156375,0.32092906320319986
1.3190262084860676,-2.2436948958839125,0.2844527660280145
1.3080605909778746,-2.2474885555722266,0.34306505176424024
1.3080605909778746,-2.2474885555722266,0.34306505176424024
1.3080605909778746,-2.2474885555722266,0.34306505176424024
1.4341545949256358,-2.2631756317931075,0.5839194903506786
1.4821797725518309,-2.2929356112719304,0.6063785043516103
1.4821797725518309,-2.2929356112719304,0.6063785043516103
1.4821797725518309,-2.2929356112719304,0.6063785043516103
1.4760013577677982,-2.3530895077588223,0.6990824293148205
1.4727851267766723,-2.4066370576303933,0.7125061912451854
1.4364026122157114,-2.419527587424794,0.6641768946612935
1.4088547794967363,-2.4038691036813664,0.6097685646559464
1.4340906935528348,-2.459429372206069,0.6426499432368197
1.4340906935528348,-2.459429372206069,0.6426499432368197
1.4340906935528348,-2.459429372206069,0.6426499432368197
1.4340906935528348,-2.459429372206069,0.6426499432368197
1.4770541064195242,-2.439439552153965,0.768523118902316
1.481300048092009,-2.4381911606311526,0.7545600377037178
1.4719338082630926,-2.4478035604650117,0.6790647617946703
1.4835062530766219,-2.4229422826475693,0.7457402739344599
1.4811272472634371,-2.396523532260894,0.6722357584056592
1.48692164311063,-2.368504016743991,0.7694181001976713
1.5517477891389775,-2.4519023662449673,0.6924599759366424
1.5563785770676843,-2.4501964068600537,0.7035213780454184
1.5558916499774258,-2.44061443579785,0.7025532333032406
1.5292809036741855,-2.384887484157262,0.8178476830935711
1.528567074550273,-2.386543249087611,0.8312280773562561
1.5521445610749522,-2.3944587050350106,0.7464961790637035
1.578039943075459,-2.398237515829557,0.8022953974713564
1.578039943075459,-2.398237515829557,0.8022953974713564
1.578039943075459,-2.398237515829557,0.8022953974713564
1.578039943075459,-2.398237515829557,0.8022953974713564
1.578039943075459,-2.398237515829557,0.8022953974713564
1.578039943075459,-2.398237515829557,0.8022953974713564
1.5542096968466506,-2.3903398888952396,0.948837088035988
1.576702620932508,-2.3964853879481023,0.8412895905604476
1.5713499353291536,-2.392859061605057,0.8349603830309635
1.57127389999168,-2.389840876422922,0.8346206592783286
1.5465102878309545,-2.3780464674429207,0.9590424978346682
1.5729274792938865,-2.396422519937523,0.8363414932632257
1.5767848764051735,-2.3918611835254153,0.8251284696288119
1.5707951955027115,-2.3869663134521515,0.8418296310575153
1.5650650141483724,-2.385696792234641,0.8582759658309921
1.5383278211326594,-2.3532372863570696,0.9904494132640271
1.5689148472552739,-2.387101040817913,0.8552206474362815
1.5714039271937383,-2.3889827783272715,0.8534234533405234
1.6140217696070678,-2.451620207678088,0.7870556218207203
1.61820574908299,-2.4497772213387075,0.7715221353528348
1.61820574908299,-2.4497772213387075,0.7715221353528348
1.61820574908299,-2.4497772213387075,0.7715221353528348
1.6112801026025265,-2.443981192341636,0.8005012108604908
1.550407125607966,-2.384899280032057,0.9681902311026207
1.610070048380075,-2.4475471584645097,0.8083932388719203
1.6137129007264819,-2.448751119619652,0.7966944832669353
1.5565186893681868,-2.3779814357599984,0.9419220399221614
1.5531520711710072,-2.386033617751344,0.9469549465380594
1.5752669412268645,-2.3946951773048015,0.820088077223011
1.5752669412268645,-2.3946951773048015,0.820088077223011
1.5752669412268645,-2.3946951773048015,0.820088077223011
1.570574635866597,-2.395036155154283,0.8603949305270221
1.5794709393826472,-2.405108793637868,0.8184938586014651
1.615163645675571,-2.44614341996618,0.7788221240428816
1.5721428372968724,-2.3899371835474845,0.8637474121550607
1.5769405692550034,-2.3915911068287534,0.8333345938241596
1.5332755871109318,-2.363712605529806,1.017693901403663
1.5700595275153195,-2.38812096560008,0.8673982646142909
1.6160072945322663,-2.448808737234537,0.7723845150724383
1.579530603622582,-2.4046602902058467,0.82042675908048
1.5690137060181728,-2.382347957365184,0.8438916431755727
1.5685340241806196,-2.3829930716460574,0.8518833775251199
1.5763092453784724,-2.396051814541146,0.8368615064927488
1.5508726088976168,-2.3875502606188195,0.9610124773467752
1.5751173910844312,-2.3954227941645017,0.8387391883028231
1.5757537173116198,-2.3905930108393654,0.8339174890265064
1.571398379601114,-2.3880732085632284,0.8401746950418062
1.571123794437908,-2.385818133129994,0.8292234234014408
1.571123794437908,-2.385818133129994,0.8292234234014408
1.571123794437908,-2.385818133129994,0.8292234234014408
1.571123794437908,-2.385818133129994,0.8292234234014408
1.571123794437908,-2.385818133129994,0.8292234234014408
1.570986828281918,-2.391292680637837,0.8448865670512243
1.570986828281918,-2.391292680637837,0.8448865670512243
1.570986828281918,-2.391292680637837,0.8448865670512243
1.570986828281918,-2.391292680637837,0.8448865670512243
1.5530473567255314,-2.3795704599335528,0.9372120246601134
1.569847625330986,-2.3907687650735108,0.8516020119091939
1.569847625330986,-2.3907687650735108,0.8516020119091939
-1.38697749239597,2.342464113627689,-0.06914632653329177
-1.363742175135642,2.3156562825362266,-0.1040946766134548
-1.363742175135642,2.3156562825362266,-0.1040946766134548
1.614363148333199,-2.4518186651327407,0.79093377772772
1.5699741987241342,-2.3886239936979416,0.871582346746588
1.5494685964296468,-2.3898587677529792,0.9729011680938099
1.5686645565851338,-2.3878969047580023,0.862045138998548
1.5656001033152864,-2.3816000813898226,0.8490272826830025
1.5750174708201103,-2.400285435105545,0.8210430038585729
1.5390106636424257,-2.3575090319217664,1.010172013440527
1.5765836335426815,-2.3946796695044386,0.8302148225129162
1.5708226569379033,-2.382395091718872,0.8403470808451504
1.5737730093466893,-2.393590283556925,0.861944748972658
1.5763436395313388,-2.395715241394498,0.8285374200491311
1.5766221853160651,-2.39819278089609,0.8371377411363277
1.570574417584257,-2.388187596479425,0.8632397127741914
1.5543999806629083,-2.376110579704558,0.9363226644005769
1.549811611247587,-2.385843086412523,0.9688781996331809
1.5759278424448018,-2.396412042323654,0.8370018866223305
1.5759278424448018,-2.396412042323654,0.8370018866223305
1.5759278424448018,-2.396412042323654,0.8370018866223305
1.5523439487705788,-2.36016832112779,0.9378768194022428
1.5677519713420776,-2.3841368054180028,0.8652794444651165
1.5677519713420776,-2.3841368054180028,0.8652794444651165
1.5677519713420776,-2.3841368054180028,0.8652794444651165
1.5677519713420776,-2.3841368054180028,0.8652794444651165
